2012 001 0.409701	2012 001 0.260468	31	3390 001
2012 002 0.397241	2012 002 0.265760	31	19213 002
2012 003 0.409393	2012 003 0.269825	31	14411 003
2012 004 0.407454	2012 004 0.265250	31	57643 004
2012 005 0.397296	2012 005 0.275945	31	2134 005
2012 006 0.397239	2012 006 0.267085	31	2305 006
2012 007 0.417069	2012 007 0.266974	31	8232 007
2012 008 0.413685	2012 008 0.262710	31	57605 008
2012 009 0.438146	2012 009 0.286106	31	5761 009
2012 010 0.413043	2012 010 0.273952	31	1515 010
2012 011 0.375534	2012 011 0.266879	31	5759 011
2012 012 0.350199	2012 012 0.251213	31	4799 012
2012 013 0.372687	2012 013 0.257442	31	8230 013
2012 014 0.401105	2012 014 0.268553	31	9601 014
2012 015 0.398299	2012 015 0.269375	31	28806 015
2012 016 0.388013	2012 016 0.274188	31	1067 016
2012 017 0.394781	2012 017 0.262131	31	57599 017
2012 018 0.386667	2012 018 0.260914	31	14398 018
2012 019 0.376575	2012 019 0.265892	31	6399 019
2012 020 0.380256	2012 020 0.262933	31	57594 020
2012 021 0.383137	2012 021 0.270378	31	2133 021
2012 022 0.401460	2012 022 0.274854	31	1440 022
2012 023 0.420766	2012 023 0.267424	31	9600 023
2012 024 0.432913	2012 024 0.272374	31	2880 024
2012 025 0.420838	2012 025 0.270232	31	1176 025
2012 026 0.411144	2012 026 0.266652	31	3602 026
2012 027 0.416600	2012 027 0.269903	31	1176 027
2012 028 0.450552	2012 028 0.270223	31	57642 028
2012 029 0.452575	2012 029 0.275646	31	11526 029
2012 030 0.419411	2012 030 0.265778	31	2216 030
2012 031 0.449881	2012 031 0.274291	31	11530 031
2012 032 0.437120	2012 032 0.269691	31	4434 032
2012 033 0.375742	2012 033 0.268103	31	1647 033
2012 034 0.364545	2012 034 0.257320	31	2135 034
2012 035 0.404133	2012 035 0.256137	31	2621 035
2012 036 0.391572	2012 036 0.257612	31	3842 036
2012 037 0.385952	2012 037 0.259015	31	5764 037
2012 038 0.385716	2012 038 0.266999	31	988 038
2012 039 0.385121	2012 039 0.263641	31	1108 039
2012 040 0.364703	2012 040 0.253435	31	2305 040
2012 041 0.363430	2012 041 0.254834	30	27916 041
2012 042 0.364488	2012 042 0.252044	30	55830 042
2012 043 0.360998	2012 043 0.254612	30	55833 043
2012 044 0.363100	2012 044 0.251370	30	3101 044
2012 045 0.368092	2012 045 0.262261	30	1431 045
2012 046 0.372286	2012 046 0.274672	30	282 046
2012 047 0.364916	2012 047 0.251421	30	55811 047
2012 048 0.367687	2012 048 0.257616	30	55821 048
2012 049 0.367741	2012 049 0.252033	30	27909 049
2012 050 0.369871	2012 050 0.264572	30	516 050
2012 051 0.367631	2012 051 0.255558	30	900 051
2012 052 0.367699	2012 052 0.248906	30	11166 052
2012 053 0.373685	2012 053 0.264442	30	2896 053
2012 054 0.378962	2012 054 0.252257	30	5583 054
2012 055 0.378358	2012 055 0.259879	31	14413 055
2012 056 0.378961	2012 056 0.263469	31	1859 056
2012 057 0.390255	2012 057 0.257986	31	2883 057
2012 058 0.377173	2012 058 0.262876	31	1903 058
2012 059 0.393361	2012 059 0.267460	31	1605 059
2012 060 0.391010	2012 060 0.260172	31	19029 060
2012 061 0.394968	2012 061 0.271798	31	812 061
2012 062 0.391934	2012 062 0.259972	31	2507 062
2012 063 0.391436	2012 063 0.260752	31	1176 063
2012 064 0.395402	2012 064 0.266859	31	873 064
2012 065 0.410204	2012 065 0.279539	31	695 065
2012 066 0.394614	2012 066 0.261697	31	4118 066
2012 067 0.408091	2012 067 0.292380	31	333 067
2012 068 0.401678	2012 068 0.268522	31	8239 068
2012 069 0.398205	2012 069 0.298263	31	313 069
2012 070 0.391441	2012 070 0.268037	31	600 070
2012 071 0.399520	2012 071 0.265013	31	1406 071
2012 072 0.402051	2012 072 0.274086	31	524 072
2012 073 0.396960	2012 073 0.266920	31	823 073
2012 074 0.390852	2012 074 0.266482	31	929 074
2012 075 0.396831	2012 075 0.277179	31	915 075
2012 076 0.397114	2012 076 0.273288	31	1067 076
2012 077 0.397238	2012 077 0.266504	31	662 077
2012 078 0.397311	2012 078 0.276687	31	1108 078
2012 080 0.401249	2012 080 0.268318	31	4435 080
2012 081 0.399800	2012 081 0.268388	31	2135 081
2012 082 0.399170	2012 082 0.262336	31	57664 082
2012 083 0.398047	2012 083 0.274700	31	4805 083
2012 084 0.391534	2012 084 0.272013	31	2746 084
2012 085 0.387030	2012 085 0.271867	31	1311 085
2012 086 0.387937	2012 086 0.268069	31	8226 086
2012 087 0.396411	2012 087 0.280715	31	1747 087
2012 088 0.391539	2012 088 0.279454	31	529 088
2012 089 0.391071	2012 089 0.268494	31	57659 089
2012 090 0.385892	2012 090 0.269232	31	57663 090
2012 091 0.388097	2012 091 0.267671	31	57648 091
2012 092 0.389958	2012 092 0.273364	31	2746 092
2012 093 0.399788	2012 093 0.274288	31	2059 093
2012 094 0.390296	2012 094 0.272069	31	14416 094
2012 095 0.394118	2012 095 0.275431	31	5768 095
2012 096 0.395635	2012 096 0.281793	31	613 096
2012 097 0.390324	2012 097 0.274438	31	57678 097
2012 098 0.393657	2012 098 0.282657	31	1341 098
2012 099 0.393653	2012 099 0.274165	31	5241 099
2012 100 0.389117	2012 100 0.269564	31	57650 100
2012 101 0.389745	2012 101 0.267211	31	57662 101
2012 102 0.390477	2012 102 0.274615	31	3034 102
2012 103 0.389400	2012 103 0.275933	31	1034 103
2012 104 0.394079	2012 104 0.276224	31	994 104
2012 105 0.399827	2012 105 0.279870	31	2059 105
2012 106 0.397467	2012 106 0.277375	31	3603 106
2012 107 0.403954	2012 107 0.267662	31	28827 107
2012 108 0.405386	2012 108 0.274953	31	1801 108
2012 109 0.403505	2012 109 0.274579	31	5242 109
2012 110 0.400174	2012 110 0.276184	31	28830 110
2012 111 0.400719	2012 111 0.274258	31	1558 111
2012 112 0.397258	2012 112 0.268334	31	11535 112
2012 113 0.401931	2012 113 0.270326	31	1922 113
2012 114 0.400250	2012 114 0.265549	31	2622 114
2012 115 0.402195	2012 115 0.277876	31	710 115
2012 116 0.396287	2012 116 0.279741	31	526 116
2012 117 0.399635	2012 117 0.265858	31	2507 117
2012 118 0.396559	2012 118 0.266973	31	1762 118
2012 119 0.396586	2012 119 0.269132	31	4804 119
2012 120 0.395977	2012 120 0.266046	31	57655 120
2012 121 0.393326	2012 121 0.266394	31	28828 121
