2009 001 0.414004	2009 001 0.302272	30	4229 001
2009 002 0.397040	2009 002 0.291182	30	13750 002
2009 003 0.424720	2009 003 0.307019	30	6873 003
2009 004 0.412077	2009 004 0.291923	30	10999 004
2009 005 0.404895	2009 005 0.294282	30	18333 005
2009 006 0.411313	2009 006 0.293443	30	27505 006
2009 007 0.401817	2009 007 0.288664	30	27508 007
2009 008 0.407320	2009 008 0.290712	30	9169 008
2009 009 0.408859	2009 009 0.304678	30	18302 009
2009 010 0.416152	2009 010 0.316433	30	9171 010
2009 011 0.401279	2009 011 0.290707	30	13761 011
2009 012 0.393980	2009 012 0.287025	30	18350 012
2009 013 0.377704	2009 013 0.281527	30	18342 013
2009 014 0.382261	2009 014 0.309008	30	13755 014
2009 015 0.377126	2009 015 0.292561	30	11004 015
2009 016 0.387273	2009 016 0.296450	30	55052 016
2009 017 0.393278	2009 017 0.293464	30	18349 017
2009 018 0.386727	2009 018 0.282306	30	18352 018
2009 019 0.384191	2009 019 0.300442	30	13761 019
2009 020 0.366244	2009 020 0.281239	30	9178 020
2009 021 0.385445	2009 021 0.287065	30	18354 021
2009 022 0.392912	2009 022 0.294010	30	7864 022
2009 023 0.401204	2009 023 0.287489	30	18351 023
2009 024 0.392263	2009 024 0.282724	30	27532 024
2009 025 0.371714	2009 025 0.280262	30	18354 025
2009 026 0.346144	2009 026 0.278668	30	55075 026
2009 027 0.345458	2009 027 0.277917	30	13767 027
2009 028 0.367082	2009 028 0.282736	30	18360 028
2009 029 0.374220	2009 029 0.301078	30	11014 029
2009 030 0.375715	2009 030 0.287463	30	18361 030
2009 031 0.399059	2009 031 0.312996	30	9176 031
2009 032 0.387758	2009 032 0.296916	30	9178 032
2009 033 0.377207	2009 033 0.282993	30	13768 033
2009 034 0.382453	2009 034 0.286305	30	9179 034
2009 035 0.379066	2009 035 0.301299	30	6882 035
2009 036 0.376827	2009 036 0.289953	30	18355 036
2009 037 0.367551	2009 037 0.276767	30	55076 037
2009 038 0.371472	2009 038 0.277192	30	55100 038
2009 039 0.369454	2009 039 0.278038	30	27543 039
2009 040 0.366396	2009 040 0.280668	30	55089 040
2009 041 0.386507	2009 041 0.282527	30	55095 041
2009 042 0.386333	2009 042 0.282349	30	27552 042
2009 043 0.363906	2009 043 0.276756	30	18188 043
2009 044 0.362519	2009 044 0.273352	30	55117 044
2009 045 0.382031	2009 045 0.295244	30	6124 045
2009 046 0.360070	2009 046 0.278930	30	9185 046
2009 047 0.362291	2009 047 0.266820	30	27562 047
2009 048 0.380924	2009 048 0.269275	30	27555 048
2009 049 0.406115	2009 049 0.281347	30	18378 049
2009 050 0.381611	2009 050 0.273425	30	55130 050
2009 051 0.368903	2009 051 0.267313	30	27563 051
2009 052 0.378930	2009 052 0.266310	30	27554 052
2009 053 0.391151	2009 053 0.270417	30	11022 053
2009 054 0.383963	2009 054 0.267237	30	27476 054
2009 055 0.366190	2009 055 0.277881	30	18298 055
2009 056 0.362059	2009 056 0.270082	30	13777 056
2009 057 0.369224	2009 057 0.275289	30	55126 057
2009 058 0.386692	2009 058 0.290991	30	11024 058
2009 059 0.375816	2009 059 0.273691	30	55147 059
2009 060 0.334468	2009 060 0.267641	30	55151 060
2009 061 0.358689	2009 061 0.269234	30	55155 061
2009 062 0.370880	2009 062 0.270119	30	27339 062
2009 063 0.395552	2009 063 0.301328	30	6127 063
2009 064 0.371066	2009 064 0.272118	30	55167 064
2009 065 0.346400	2009 065 0.267522	30	27528 065
2009 066 0.375520	2009 066 0.266824	30	55168 066
2009 067 0.395302	2009 067 0.281882	30	6129 067
2009 068 0.388272	2009 068 0.275365	30	55193 068
2009 069 0.383273	2009 069 0.271954	30	27597 069
2009 070 0.381038	2009 070 0.273398	30	27606 070
2009 071 0.385401	2009 071 0.278017	30	55208 071
2009 072 0.395528	2009 072 0.282642	30	13802 072
2009 073 0.412081	2009 073 0.295728	30	6133 073
2009 074 0.408771	2009 074 0.280883	30	55208 074
2009 075 0.411252	2009 075 0.290783	30	55217 075
2009 076 0.411062	2009 076 0.286875	30	55213 076
2009 077 0.411665	2009 077 0.287381	30	55219 077
2009 078 0.408425	2009 078 0.286097	30	27609 078
2009 079 0.409394	2009 079 0.286838	30	55221 079
2009 080 0.409573	2009 080 0.288417	30	55226 080
2009 081 0.399213	2009 081 0.283925	30	55219 081
2009 082 0.402960	2009 082 0.285221	30	55229 082
2009 083 0.410693	2009 083 0.313310	30	11049 083
2009 084 0.404108	2009 084 0.287592	30	55236 084
2009 085 0.401347	2009 085 0.287784	30	13811 085
2009 086 0.398668	2009 086 0.289638	30	53474 086
2009 087 0.409078	2009 087 0.286293	29	17829 087
2009 088 0.408490	2009 088 0.283190	29	53492 088
2009 089 0.402641	2009 089 0.285876	29	53496 089
2009 090 0.401173	2009 090 0.286434	29	53506 090
2009 091 0.399279	2009 091 0.286599	29	53517 091
2009 092 0.399987	2009 092 0.293151	29	26764 092
2009 093 0.403539	2009 093 0.286504	29	26770 093
2009 094 0.405467	2009 094 0.293365	29	17850 094
2009 095 0.408852	2009 095 0.300158	29	13390 095
2009 096 0.399200	2009 096 0.286652	29	26784 096
2009 097 0.395132	2009 097 0.287880	29	53582 097
2009 098 0.398182	2009 098 0.289932	29	53602 098
2009 099 0.396421	2009 099 0.297237	29	17871 099
2009 100 0.378808	2009 100 0.288631	29	10728 100
2009 101 0.389260	2009 101 0.290415	29	26827 101
2009 102 0.393495	2009 102 0.283901	29	53651 102
2009 103 0.391682	2009 103 0.285066	29	53664 103
2009 104 0.397018	2009 104 0.287657	29	53679 104
2009 105 0.404340	2009 105 0.306788	29	53690 105
2009 106 0.404211	2009 106 0.303319	29	8950 106
2009 107 0.395457	2009 107 0.291007	29	53712 107
2009 108 0.414344	2009 108 0.320201	29	3356 108
2009 109 0.400562	2009 109 0.290079	29	53754 109
2009 110 0.399223	2009 110 0.285620	29	53753 110
2009 111 0.399717	2009 111 0.286710	29	53759 111
2009 112 0.395582	2009 112 0.284137	29	53773 112
2009 113 0.391079	2009 113 0.286202	29	53767 113
2009 114 0.381453	2009 114 0.284331	29	53758 114
2009 115 0.381218	2009 115 0.275643	29	53766 115
2009 116 0.415219	2009 116 0.303060	29	53762 116
2009 117 0.429066	2009 117 0.298516	29	17924 117
2009 118 0.423740	2009 118 0.294558	29	53770 118
2009 119 0.418342	2009 119 0.293990	29	53763 119
2009 120 0.415422	2009 120 0.295819	29	53305 120
2009 121 0.415621	2009 121 0.285488	29	17926 121
2009 122 0.411694	2009 122 0.286969	29	26889 122
2009 123 0.403092	2009 123 0.287478	29	53786 123
2009 124 0.400848	2009 124 0.297893	29	13448 124
2009 125 0.397082	2009 125 0.288531	29	53807 125
2009 126 0.380537	2009 126 0.284866	29	53808 126
2009 127 0.391091	2009 127 0.291061	29	53838 127
2009 128 0.413223	2009 128 0.317751	29	3364 128
2009 129 0.398357	2009 129 0.292335	29	8971 129
2009 130 0.396470	2009 130 0.295168	29	53831 130
2009 131 0.389885	2009 131 0.289878	29	53844 131
2009 132 0.389512	2009 132 0.289638	29	51922 132
2009 133 0.388788	2009 133 0.287202	29	26926 133
2009 134 0.392302	2009 134 0.336703	29	53814 134
2009 135 0.397644	2009 135 0.335329	29	53845 135
2009 136 0.396263	2009 136 0.331700	29	26917 136
2009 137 0.396395	2009 137 0.330830	29	53844 137
2009 138 0.394714	2009 138 0.334647	29	53852 138
2009 139 0.394511	2009 139 0.342612	29	17715 139
2009 140 0.392031	2009 140 0.332398	29	4144 140
2009 141 0.397528	2009 141 0.341094	29	53855 141
2009 142 0.397668	2009 142 0.344245	29	26921 142
2009 143 0.387168	2009 143 0.331599	29	53858 143
2009 144 0.384264	2009 144 0.327054	29	53869 144
2009 145 0.385708	2009 145 0.327997	29	53868 145
2009 146 0.382385	2009 146 0.323113	29	53847 146
2009 147 0.380917	2009 147 0.338029	29	10774 147
2009 148 0.382869	2009 148 0.344563	29	13465 148
2009 149 0.390507	2009 149 0.356686	29	26942 149
2009 150 0.376900	2009 150 0.332011	29	26941 150
2009 151 0.373192	2009 151 0.333929	29	26941 151
2009 152 0.376179	2009 152 0.333116	29	53885 152
2009 153 0.372867	2009 153 0.328754	29	53893 153
2009 154 0.376588	2009 154 0.327496	29	53917 154
2009 155 0.377011	2009 155 0.332591	29	53936 155
2009 156 0.374339	2009 156 0.329040	29	17980 156
2009 157 0.372816	2009 157 0.330074	29	53934 157
2009 158 0.369640	2009 158 0.331500	29	8987 158
2009 159 0.371930	2009 159 0.338914	29	53945 159
2009 160 0.369394	2009 160 0.330667	29	53944 160
2009 161 0.376659	2009 161 0.333213	29	53937 161
2009 162 0.368835	2009 162 0.333783	29	26962 162
2009 163 0.368213	2009 163 0.327561	29	53906 163
2009 164 0.370989	2009 164 0.332209	29	53940 164
2009 165 0.366262	2009 165 0.333993	29	53942 165
2009 166 0.365952	2009 166 0.336937	29	53960 166
2009 167 0.366563	2009 167 0.330903	29	17981 167
2009 168 0.375281	2009 168 0.338972	29	53957 168
2009 169 0.369189	2009 169 0.327399	29	53939 169
2009 170 0.374513	2009 170 0.334017	29	53943 170
2009 171 0.367737	2009 171 0.336726	29	53937 171
2009 172 0.366202	2009 172 0.331554	29	53948 172
2009 173 0.366000	2009 173 0.329191	29	53951 173
2009 174 0.373266	2009 174 0.327587	29	53940 174
2009 175 0.365994	2009 175 0.326024	29	53943 175
2009 176 0.367084	2009 176 0.338779	29	53949 176
2009 177 0.367847	2009 177 0.346036	29	26267 177
2009 178 0.367102	2009 178 0.325523	28	52111 178
2009 179 0.378806	2009 179 0.353972	28	7444 179
2009 180 0.362782	2009 180 0.329336	28	52087 180
2009 181 0.364254	2009 181 0.338368	28	17358 181
2009 182 0.364861	2009 182 0.339394	29	52159 182
2009 183 0.369577	2009 183 0.327030	29	53889 183
2009 184 0.365006	2009 184 0.324067	29	53887 184
2009 185 0.360765	2009 185 0.334979	29	26945 185
2009 186 0.375109	2009 186 0.346459	29	26945 186
2009 187 0.366677	2009 187 0.336955	29	26949 187
2009 188 0.360223	2009 188 0.324753	29	53940 188
2009 189 0.365059	2009 189 0.336645	29	8988 189
2009 190 0.364133	2009 190 0.327955	29	26972 190
2009 191 0.368404	2009 191 0.343871	29	5994 191
2009 192 0.358309	2009 192 0.325534	29	26979 192
2009 193 0.364934	2009 193 0.332884	29	53960 193
2009 194 0.367876	2009 194 0.338971	29	17985 194
2009 195 0.366091	2009 195 0.334760	29	26978 195
2009 196 0.357836	2009 196 0.328220	29	17987 196
2009 197 0.359284	2009 197 0.329549	29	13485 197
2009 198 0.361023	2009 198 0.330832	29	53948 198
2009 199 0.363750	2009 199 0.327104	29	53939 199
2009 200 0.365130	2009 200 0.334034	29	53940 200
2009 201 0.367639	2009 201 0.340786	29	13481 201
2009 202 0.356015	2009 202 0.327632	29	17979 202
2009 203 0.368499	2009 203 0.333815	29	3852 203
2009 204 0.367929	2009 204 0.336836	29	13486 204
2009 205 0.364011	2009 205 0.335738	29	26516 205
2009 206 0.363966	2009 206 0.329175	29	26126 206
2009 207 0.359638	2009 207 0.319240	28	52074 207
2009 208 0.362551	2009 208 0.339775	29	53779 208
2009 209 0.361851	2009 209 0.323295	29	53932 209
2009 210 0.367779	2009 210 0.322083	29	53925 210
2009 211 0.360766	2009 211 0.323635	29	17906 211
2009 212 0.368346	2009 212 0.339453	29	8988 212
2009 213 0.374761	2009 213 0.333476	29	53942 213
2009 214 0.372542	2009 214 0.333171	29	17985 214
2009 215 0.379374	2009 215 0.346758	29	8994 215
2009 216 0.372455	2009 216 0.333246	29	8994 216
2009 217 0.384128	2009 217 0.346626	29	10676 217
2009 218 0.372774	2009 218 0.337083	29	5992 218
2009 219 0.367869	2009 219 0.326158	29	26979 219
2009 220 0.368336	2009 220 0.322001	29	53956 220
2009 221 0.379823	2009 221 0.335712	29	17983 221
2009 222 0.372420	2009 222 0.327221	29	53942 222
2009 223 0.367150	2009 223 0.326013	29	53936 223
2009 224 0.382665	2009 224 0.363212	29	4495 224
2009 225 0.369293	2009 225 0.337692	29	26964 225
2009 226 0.375279	2009 226 0.335277	29	26970 226
2009 227 0.372726	2009 227 0.331976	29	26963 227
2009 228 0.381322	2009 228 0.341209	29	8984 228
2009 229 0.369606	2009 229 0.329640	29	26957 229
2009 230 0.368127	2009 230 0.329909	29	26962 230
2009 231 0.375097	2009 231 0.341100	29	4902 231
2009 232 0.380327	2009 232 0.340269	29	3851 232
2009 233 0.375539	2009 233 0.341977	28	52092 233
2009 234 0.372898	2009 234 0.322956	28	26051 234
2009 235 0.371988	2009 235 0.346745	28	26063 235
2009 236 0.382292	2009 236 0.349052	28	52113 236
2009 237 0.368088	2009 237 0.331878	28	52127 237
2009 238 0.368846	2009 238 0.332702	28	26060 238
2009 239 0.368202	2009 239 0.327801	28	26051 239
2009 240 0.368278	2009 240 0.332172	29	26875 240
2009 241 0.366911	2009 241 0.341941	29	54009 241
2009 242 0.389577	2009 242 0.357546	29	10798 242
2009 243 0.380683	2009 243 0.347009	29	13504 243
2009 244 0.381430	2009 244 0.348110	29	54030 244
2009 245 0.379479	2009 245 0.349010	29	17965 245
2009 246 0.381565	2009 246 0.347430	29	54031 246
2009 247 0.380894	2009 247 0.350530	29	54024 247
2009 248 0.375002	2009 248 0.341116	29	54024 248
2009 249 0.381586	2009 249 0.337952	28	26060 249
2009 250 0.382047	2009 250 0.332581	29	27013 250
2009 251 0.382129	2009 251 0.334688	29	54041 251
2009 252 0.379115	2009 252 0.339766	29	27025 252
2009 253 0.386679	2009 253 0.339777	29	27025 253
2009 254 0.380032	2009 254 0.332405	29	53727 254
2009 255 0.397363	2009 255 0.349023	29	54016 255
2009 256 0.384040	2009 256 0.338546	29	54049 256
2009 257 0.377070	2009 257 0.337513	29	27010 257
2009 258 0.384229	2009 258 0.357946	29	10803 258
2009 259 0.380242	2009 259 0.330898	29	27001 259
2009 260 0.375014	2009 260 0.334731	29	27004 260
2009 261 0.375488	2009 261 0.329663	29	53993 261
2009 262 0.373590	2009 262 0.328430	29	53976 262
2009 263 0.373644	2009 263 0.338370	29	53971 263
2009 264 0.382237	2009 264 0.339597	29	6747 264
2009 265 0.392143	2009 265 0.361338	29	10787 265
2009 266 0.374990	2009 266 0.333172	29	7694 266
2009 267 0.365000	2009 267 0.332181	29	53936 267
2009 268 0.362617	2009 268 0.333847	29	26662 268
2009 269 0.363536	2009 269 0.333500	29	53961 269
2009 270 0.369956	2009 270 0.360886	29	10789 270
2009 271 0.369342	2009 271 0.337057	29	10789 271
2009 272 0.359768	2009 272 0.327211	29	26575 272
2009 273 0.363228	2009 273 0.328953	29	26993 273
2009 274 0.356901	2009 274 0.326459	29	5995 274
2009 275 0.361628	2009 275 0.335941	29	17989 275
2009 276 0.358979	2009 276 0.328035	29	53972 276
2009 277 0.362568	2009 277 0.328294	29	8996 277
2009 278 0.369263	2009 278 0.339855	29	4152 278
2009 279 0.372233	2009 279 0.329911	29	26993 279
2009 280 0.365508	2009 280 0.333582	29	27007 280
2009 281 0.366461	2009 281 0.326012	29	18006 281
2009 282 0.371789	2009 282 0.334315	29	10805 282
2009 283 0.372598	2009 283 0.354438	29	7717 283
2009 284 0.374283	2009 284 0.328792	29	6753 284
2009 285 0.371269	2009 285 0.331358	29	18019 285
2009 286 0.372388	2009 286 0.344615	29	13515 286
2009 287 0.375213	2009 287 0.337951	29	18009 287
2009 288 0.373761	2009 288 0.333436	28	17403 288
2009 289 0.374817	2009 289 0.336361	28	13059 289
2009 290 0.366456	2009 290 0.329652	28	26102 290
2009 291 0.365796	2009 291 0.335069	28	7460 291
2009 292 0.362022	2009 292 0.327769	28	6528 292
2009 293 0.354865	2009 293 0.320555	28	17407 293
2009 294 0.356626	2009 294 0.326605	28	26113 294
2009 295 0.360320	2009 295 0.341136	28	4351 295
2009 296 0.358100	2009 296 0.326691	28	8701 296
2009 297 0.364440	2009 297 0.327846	28	17350 297
2009 298 0.358115	2009 298 0.343532	28	8682 298
2009 299 0.350536	2009 299 0.321442	28	10354 299
2009 300 0.348680	2009 300 0.322175	28	52184 300
2009 301 0.350449	2009 301 0.331897	28	52168 301
2009 302 0.346690	2009 302 0.324723	28	52160 302
2009 303 0.369598	2009 303 0.360321	28	5213 303
2009 304 0.358768	2009 304 0.332563	28	6515 304
2009 305 0.354168	2009 305 0.326596	28	26062 305
2009 306 0.354086	2009 306 0.333185	28	10368 306
2009 307 0.357141	2009 307 0.334716	28	26054 307
2009 308 0.358996	2009 308 0.334864	28	8684 308
2009 309 0.344637	2009 309 0.325587	28	52109 309
2009 310 0.353827	2009 310 0.330908	28	51867 310
2009 311 0.354673	2009 311 0.326461	28	26083 311
2009 312 0.370795	2009 312 0.344252	28	13036 312
2009 313 0.360629	2009 313 0.340031	28	26090 313
2009 314 0.360544	2009 314 0.327264	28	26081 314
2009 315 0.362217	2009 315 0.333591	28	13043 315
2009 316 0.340104	2009 316 0.305367	28	52137 316
2009 317 0.345359	2009 317 0.304981	28	16973 317
2009 318 0.356620	2009 318 0.321259	28	13041 318
2009 319 0.368005	2009 319 0.311159	28	13042 319
2009 320 0.377905	2009 320 0.326507	28	13039 320
2009 321 0.391157	2009 321 0.334705	28	17383 321
2009 322 0.392715	2009 322 0.321643	28	26084 322
2009 323 0.396682	2009 323 0.332899	28	52156 323
2009 324 0.394469	2009 324 0.328910	29	26091 324
2009 325 0.399379	2009 325 0.325497	29	10802 325
2009 326 0.388951	2009 326 0.325238	29	10803 326
2009 327 0.370352	2009 327 0.317528	29	27005 327
2009 328 0.355608	2009 328 0.316410	29	27007 328
2009 329 0.371022	2009 329 0.339317	29	3375 329
2009 330 0.365365	2009 330 0.324881	29	5999 330
2009 331 0.357167	2009 331 0.310655	29	27012 331
2009 332 0.359560	2009 332 0.316057	29	13501 332
2009 333 0.367999	2009 333 0.319600	29	27001 333
2009 334 0.360391	2009 334 0.320025	29	27003 334
2009 335 0.361163	2009 335 0.320693	29	53979 335
2009 336 0.365954	2009 336 0.320161	29	26986 336
2009 337 0.353509	2009 337 0.327696	29	18006 337
2009 338 0.359542	2009 338 0.323560	29	13500 338
2009 339 0.366828	2009 339 0.326996	29	53999 339
2009 340 0.355372	2009 340 0.331140	29	27007 340
2009 341 0.351904	2009 341 0.349614	29	54010 341
2009 342 0.360658	2009 342 0.344546	29	13501 342
2009 343 0.372189	2009 343 0.342747	29	17695 343
2009 344 0.375252	2009 344 0.346351	29	17992 344
2009 345 0.377610	2009 345 0.349474	29	5392 345
2009 346 0.373716	2009 346 0.350877	29	18000 346
2009 347 0.387517	2009 347 0.349593	29	17995 347
2009 348 0.396651	2009 348 0.362842	29	4906 348
2009 349 0.399738	2009 349 0.356992	29	17986 349
2009 350 0.391083	2009 350 0.366386	29	53941 350
2009 351 0.376247	2009 351 0.355598	29	5395 351
2009 352 0.373417	2009 352 0.359109	29	17979 352
2009 353 0.363187	2009 353 0.343332	28	17349 353
2009 354 0.366101	2009 354 0.340344	28	17341 354
2009 355 0.356023	2009 355 0.334935	28	17342 355
2009 356 0.358417	2009 356 0.338934	28	26030 356
2009 357 0.363986	2009 357 0.343763	29	13477 357
2009 358 0.366381	2009 358 0.351551	29	26951 358
2009 359 0.371555	2009 359 0.343234	29	10787 359
2009 360 0.384353	2009 360 0.347186	29	13485 360
2009 361 0.385302	2009 361 0.333493	29	26960 361
2009 362 0.386904	2009 362 0.337186	29	7707 362
2009 363 0.389384	2009 363 0.331442	29	5997 363
2009 364 0.392705	2009 364 0.332649	29	13492 364
2009 365 0.395207	2009 365 0.341868	29	53953 365
