2010 001 0.406557	2010 001 0.339580	29	10795 001
2010 002 0.417913	2010 002 0.351062	29	13492 002
2010 003 0.416745	2010 003 0.343852	29	8996 003
2010 004 0.413162	2010 004 0.352453	29	26983 004
2010 005 0.390957	2010 005 0.333989	29	17990 005
2010 006 0.364387	2010 006 0.322783	29	26959 006
2010 007 0.354669	2010 007 0.320385	29	26955 007
2010 008 0.366236	2010 008 0.326727	29	53909 008
2010 009 0.386511	2010 009 0.334152	29	13482 009
2010 010 0.400566	2010 010 0.344047	29	10787 010
2010 011 0.406033	2010 011 0.342325	29	13475 011
2010 012 0.405074	2010 012 0.346319	29	13476 012
2010 013 0.406535	2010 013 0.355353	29	10780 013
2010 014 0.419973	2010 014 0.344447	29	6737 014
2010 015 0.437200	2010 015 0.352641	29	8897 015
2010 016 0.429701	2010 016 0.359021	29	8985 016
2010 017 0.401917	2010 017 0.336793	29	8983 017
2010 018 0.391233	2010 018 0.338491	29	17971 018
2010 019 0.390502	2010 019 0.336651	29	5987 019
2010 020 0.392211	2010 020 0.338564	29	10784 020
2010 021 0.402982	2010 021 0.347350	29	4899 021
2010 022 0.412345	2010 022 0.341041	29	8981 022
2010 023 0.402751	2010 023 0.349212	29	10770 023
2010 024 0.387676	2010 024 0.336912	29	17959 024
2010 025 0.386306	2010 025 0.340476	29	10776 025
2010 026 0.395161	2010 026 0.332691	29	13468 026
2010 027 0.387344	2010 027 0.343781	29	17962 027
2010 028 0.385134	2010 028 0.332352	29	17754 028
2010 029 0.379418	2010 029 0.320639	29	7696 029
2010 030 0.381768	2010 030 0.327873	29	13470 030
2010 031 0.392674	2010 031 0.331291	29	13479 031
2010 032 0.404216	2010 032 0.348257	29	5389 032
2010 033 0.410715	2010 033 0.343611	29	2836 033
2010 034 0.425461	2010 034 0.362136	29	2695 034
2010 035 0.412201	2010 035 0.339583	29	8909 035
2010 036 0.424019	2010 036 0.346184	29	5986 036
2010 037 0.398731	2010 037 0.342025	29	7695 037
2010 038 0.378741	2010 038 0.328430	29	13465 038
2010 039 0.382514	2010 039 0.331856	29	10762 039
2010 040 0.383810	2010 040 0.327630	29	5351 040
2010 041 0.379495	2010 041 0.321400	29	17887 041
2010 042 0.384639	2010 042 0.333688	29	10773 042
2010 043 0.380125	2010 043 0.328041	29	8978 043
2010 044 0.382028	2010 044 0.332920	29	17959 044
2010 045 0.385045	2010 045 0.326032	29	8981 045
2010 046 0.378943	2010 046 0.336026	29	8946 046
2010 047 0.391495	2010 047 0.343750	28	3448 047
2010 048 0.382065	2010 048 0.327306	28	26055 048
2010 049 0.376129	2010 049 0.319659	28	52124 049
2010 050 0.386034	2010 050 0.323871	28	26061 050
2010 051 0.381485	2010 051 0.323929	29	26760 051
2010 052 0.377282	2010 052 0.323067	29	53917 052
2010 053 0.376295	2010 053 0.321877	29	544 053
2010 054 0.374843	2010 054 0.316769	29	6512 054
2010 055 0.380612	2010 055 0.323901	28	13030 055
2010 056 0.393914	2010 056 0.337625	29	4111 056
2010 057 0.400542	2010 057 0.336506	29	8989 057
2010 058 0.401295	2010 058 0.333978	29	2996 058
2010 059 0.400540	2010 059 0.333142	29	13479 059
2010 060 0.381130	2010 060 0.330315	29	17978 060
2010 061 0.375514	2010 061 0.331742	29	10687 061
2010 062 0.367640	2010 062 0.323483	29	5356 062
2010 063 0.371031	2010 063 0.319894	29	17977 063
2010 064 0.375089	2010 064 0.322059	29	10787 064
2010 065 0.369514	2010 065 0.318306	29	53912 065
2010 066 0.362079	2010 066 0.327883	29	8984 066
2010 067 0.361345	2010 067 0.315844	29	7700 067
2010 068 0.360332	2010 068 0.317072	29	26965 068
2010 069 0.352119	2010 069 0.312117	29	53889 069
2010 070 0.392233	2010 070 0.352408	29	2835 070
2010 071 0.374681	2010 071 0.329714	29	13468 071
2010 072 0.384157	2010 072 0.321758	29	5985 072
2010 073 0.371471	2010 073 0.317688	29	13471 073
2010 074 0.374616	2010 074 0.316835	29	17955 074
2010 075 0.376873	2010 075 0.318187	29	13469 075
2010 076 0.376354	2010 076 0.314107	29	13457 076
2010 077 0.377320	2010 077 0.310391	29	10765 077
2010 078 0.377846	2010 078 0.312792	29	8979 078
2010 079 0.375992	2010 079 0.315776	29	17952 079
2010 080 0.384389	2010 080 0.311180	29	8974 080
2010 081 0.381076	2010 081 0.318180	29	13461 081
2010 082 0.378041	2010 082 0.314641	29	13463 082
2010 083 0.378120	2010 083 0.334691	28	8686 083
2010 084 0.383030	2010 084 0.334109	28	10423 084
2010 085 0.394215	2010 085 0.331235	28	5213 085
2010 086 0.394247	2010 086 0.328704	28	13030 086
2010 087 0.392163	2010 087 0.348905	28	5210 087
2010 088 0.391970	2010 088 0.329144	28	7443 088
2010 089 0.386736	2010 089 0.322429	28	12980 089
2010 090 0.393653	2010 090 0.328420	28	5188 090
2010 091 0.396297	2010 091 0.346872	28	8682 091
2010 092 0.413474	2010 092 0.352477	28	2874 092
2010 093 0.396818	2010 093 0.337470	28	8687 093
2010 094 0.398643	2010 094 0.332980	28	13029 094
2010 095 0.422555	2010 095 0.383431	28	1488 095
2010 096 0.472795	2010 096 0.473687	28	537 096
2010 097 0.436034	2010 097 0.389214	28	1846 097
2010 098 0.399309	2010 098 0.341259	28	7447 098
2010 099 0.397958	2010 099 0.336537	28	17370 099
2010 100 0.396026	2010 100 0.328766	28	17374 100
2010 101 0.388240	2010 101 0.337480	28	13028 101
2010 102 0.377822	2010 102 0.333303	28	7445 102
2010 103 0.360890	2010 103 0.314631	29	26918 103
2010 104 0.356783	2010 104 0.315556	29	26914 104
2010 105 0.374273	2010 105 0.311585	29	53826 105
2010 106 0.378681	2010 106 0.314455	29	13451 106
2010 107 0.388657	2010 107 0.314852	29	7687 107
2010 108 0.402644	2010 108 0.321023	29	53814 108
2010 109 0.410651	2010 109 0.337035	29	13466 109
2010 110 0.410075	2010 110 0.341553	29	17947 110
2010 111 0.406067	2010 111 0.344504	29	26590 111
2010 112 0.403616	2010 112 0.333635	29	5333 112
2010 113 0.408767	2010 113 0.344421	29	26926 113
2010 114 0.393847	2010 114 0.340998	29	13463 114
2010 115 0.407748	2010 115 0.339955	29	17949 115
2010 116 0.406117	2010 116 0.355844	29	53816 116
2010 117 0.411859	2010 117 0.358359	29	26508 117
2010 118 0.402673	2010 118 0.350209	29	13453 118
2010 119 0.394081	2010 119 0.344809	29	10700 119
2010 120 0.393014	2010 120 0.338518	29	53832 120
2010 121 0.387085	2010 121 0.337272	29	6728 121
2010 122 0.399716	2010 122 0.368302	29	4138 122
2010 123 0.403055	2010 123 0.373993	29	2808 123
2010 124 0.391686	2010 124 0.355472	29	7675 124
2010 125 0.380939	2010 125 0.343649	29	26914 125
2010 126 0.397858	2010 126 0.361741	29	7687 126
2010 127 0.389552	2010 127 0.338299	29	17947 127
2010 128 0.390650	2010 128 0.358263	29	4894 128
2010 129 0.388199	2010 129 0.336036	29	26914 129
2010 130 0.383577	2010 130 0.334690	29	53829 130
2010 131 0.383328	2010 131 0.342450	29	53597 131
2010 132 0.392001	2010 132 0.343063	29	53576 132
2010 133 0.384899	2010 133 0.335502	29	53806 133
2010 134 0.389308	2010 134 0.337763	29	52523 134
2010 135 0.393471	2010 135 0.357863	29	53825 135
2010 136 0.393169	2010 136 0.331893	29	53785 136
2010 137 0.389318	2010 137 0.333264	29	8958 137
2010 138 0.392969	2010 138 0.348615	29	17921 138
2010 139 0.387012	2010 139 0.338967	29	53780 139
2010 140 0.396097	2010 140 0.348422	29	8964 140
2010 141 0.388932	2010 141 0.336499	29	17853 141
2010 142 0.387892	2010 142 0.336168	29	17936 142
2010 143 0.389000	2010 143 0.341970	29	26901 143
2010 144 0.385462	2010 144 0.334481	29	53817 144
2010 145 0.388735	2010 145 0.334936	29	6723 145
2010 146 0.389593	2010 146 0.344124	29	8964 146
2010 147 0.385791	2010 147 0.331017	29	53764 147
2010 148 0.388498	2010 148 0.336221	29	8959 148
2010 149 0.434777	2010 149 0.426871	29	994 149
2010 150 0.403441	2010 150 0.364469	29	2338 150
2010 151 0.397615	2010 151 0.363000	29	3359 151
2010 152 0.388486	2010 152 0.352498	29	8962 152
2010 153 0.385063	2010 153 0.337696	29	26893 153
2010 154 0.385351	2010 154 0.355866	29	7686 154
2010 155 0.387858	2010 155 0.354080	29	4889 155
2010 156 0.376236	2010 156 0.329927	29	13445 156
2010 157 0.377183	2010 157 0.336494	29	17932 157
2010 158 0.398943	2010 158 0.369837	29	17934 158
2010 159 0.382466	2010 159 0.339335	29	7687 159
2010 160 0.383152	2010 160 0.343629	29	17934 160
2010 161 0.381863	2010 161 0.342656	29	17930 161
2010 162 0.386073	2010 162 0.350422	29	6726 162
2010 163 0.377463	2010 163 0.332595	29	17931 163
2010 164 0.387789	2010 164 0.364275	29	10757 164
2010 165 0.383107	2010 165 0.340701	29	26891 165
2010 166 0.387332	2010 166 0.354822	29	10758 166
2010 167 0.382948	2010 167 0.337745	29	3163 167
2010 168 0.383419	2010 168 0.340731	29	8961 168
2010 169 0.385324	2010 169 0.345403	29	8960 169
2010 170 0.377304	2010 170 0.337878	29	26888 170
2010 171 0.381302	2010 171 0.333774	29	17921 171
2010 172 0.388010	2010 172 0.334025	29	10748 172
2010 173 0.400904	2010 173 0.359681	29	13443 173
2010 174 0.401456	2010 174 0.359974	29	17921 174
2010 175 0.403127	2010 175 0.364084	29	17721 175
2010 176 0.398850	2010 176 0.349801	29	13444 176
2010 177 0.405208	2010 177 0.378396	29	1855 177
2010 178 0.414952	2010 178 0.381555	29	4482 178
2010 179 0.402891	2010 179 0.361554	29	8965 179
2010 180 0.406348	2010 180 0.381400	29	7683 180
2010 181 0.402332	2010 181 0.370385	29	1132 181
2010 182 0.398200	2010 182 0.360047	29	13447 182
2010 183 0.400151	2010 183 0.357680	29	2443 183
2010 184 0.410167	2010 184 0.365003	29	53802 184
2010 185 0.405294	2010 185 0.379273	29	53797 185
2010 186 0.415752	2010 186 0.367749	29	53816 186
2010 187 0.421206	2010 187 0.376560	29	53813 187
2010 188 0.400605	2010 188 0.367097	29	4138 188
2010 189 0.384316	2010 189 0.335643	29	53808 189
2010 190 0.387943	2010 190 0.341294	29	53813 190
2010 191 0.385367	2010 191 0.340694	29	17931 191
2010 192 0.389933	2010 192 0.344958	29	53821 192
2010 193 0.395526	2010 193 0.354315	29	26918 193
2010 194 0.381847	2010 194 0.338605	29	53824 194
2010 195 0.387504	2010 195 0.345137	29	26911 195
2010 196 0.388912	2010 196 0.362288	29	8973 196
2010 197 0.409209	2010 197 0.384519	29	4893 197
2010 198 0.407714	2010 198 0.383015	29	17955 198
2010 199 0.422555	2010 199 0.401993	29	17956 199
2010 200 0.469957	2010 200 0.444055	29	53865 200
2010 201 0.468308	2010 201 0.425371	29	13466 201
2010 202 0.502927	2010 202 0.519371	29	10665 202
2010 203 0.521387	2010 203 0.517096	29	4094 203
2010 204 0.500722	2010 204 0.509239	29	5912 204
2010 205 0.525743	2010 205 0.532548	29	3525 205
2010 206 0.527686	2010 206 0.533925	29	2634 206
2010 207 0.532561	2010 207 0.534405	29	3517 207
2010 208 0.519148	2010 208 0.544051	29	2414 208
2010 209 0.505247	2010 209 0.538051	29	3557 209
2010 210 0.473595	2010 210 0.483492	29	10672 210
2010 211 0.476473	2010 211 0.490922	29	26635 211
2010 212 0.480649	2010 212 0.489433	29	7611 212
2010 213 0.482874	2010 213 0.486412	29	7608 213
2010 214 0.474989	2010 214 0.494323	29	7611 214
2010 215 0.514226	2010 215 0.503390	30	2923 215
2010 216 0.475128	2010 216 0.405722	30	384 216
2010 217 0.445793	2010 217 0.348554	30	11129 217
2010 218 0.433625	2010 218 0.341914	30	5565 218
2010 219 0.450673	2010 219 0.357373	30	11130 219
2010 220 0.444807	2010 220 0.350831	30	55667 220
2010 221 0.450395	2010 221 0.347425	30	55671 221
2010 222 0.438911	2010 222 0.352395	30	4282 222
2010 223 0.456161	2010 223 0.359157	30	1795 223
2010 224 0.450340	2010 224 0.353587	30	2930 224
2010 225 0.443524	2010 225 0.355331	30	18557 225
2010 226 0.449094	2010 226 0.344880	30	9282 226
2010 227 0.441673	2010 227 0.341612	30	3977 227
2010 228 0.449854	2010 228 0.353552	30	3712 228
2010 229 0.462715	2010 229 0.366769	30	4284 229
2010 230 0.449054	2010 230 0.355421	30	2784 230
2010 231 0.432360	2010 231 0.347867	30	6866 231
2010 232 0.432009	2010 232 0.354298	30	13928 232
2010 233 0.450517	2010 233 0.351451	30	27852 233
2010 234 0.440366	2010 234 0.356427	30	13920 234
2010 235 0.450932	2010 235 0.359189	30	13927 235
2010 236 0.439366	2010 236 0.357532	30	1217 236
2010 237 0.431726	2010 237 0.353780	30	977 237
2010 238 0.428764	2010 238 0.344955	30	2401 238
2010 239 0.440837	2010 239 0.358824	31	911 239
2010 240 0.427683	2010 240 0.356869	31	1643 240
2010 241 0.422950	2010 241 0.346665	31	57527 241
2010 242 0.428340	2010 242 0.349929	31	2130 242
2010 243 0.436508	2010 243 0.351362	31	57569 243
2010 244 0.429548	2010 244 0.346676	31	28786 244
2010 245 0.428878	2010 245 0.345617	31	2055 245
2010 246 0.432461	2010 246 0.345803	31	28768 246
2010 247 0.434035	2010 247 0.349971	31	19183 247
2010 248 0.446905	2010 248 0.361687	31	9594 248
2010 249 0.451893	2010 249 0.363610	31	8222 249
2010 250 0.451786	2010 250 0.359551	31	1514 250
2010 251 0.452957	2010 251 0.357188	31	2214 251
2010 252 0.447433	2010 252 0.360467	31	2877 252
2010 253 0.436885	2010 253 0.348699	31	7193 253
2010 254 0.435783	2010 254 0.344537	31	14380 254
2010 255 0.431927	2010 255 0.348772	31	11511 255
2010 256 0.428903	2010 256 0.331834	31	5756 256
2010 257 0.390364	2010 257 0.306420	31	2302 257
2010 258 0.388360	2010 258 0.304446	31	3598 258
2010 259 0.396335	2010 259 0.304800	31	11513 259
2010 260 0.386655	2010 260 0.301674	31	2502 260
2010 261 0.394633	2010 261 0.305716	31	11513 261
2010 262 0.380009	2010 262 0.309671	31	2616 262
2010 263 0.376735	2010 263 0.300733	31	2502 263
2010 264 0.369948	2010 264 0.294027	31	860 264
2010 265 0.372185	2010 265 0.291719	31	3197 265
2010 266 0.367728	2010 266 0.298275	31	5642 266
2010 267 0.368072	2010 267 0.299318	31	1251 267
2010 268 0.365745	2010 268 0.294119	31	5236 268
2010 269 0.364673	2010 269 0.286029	31	14398 269
2010 270 0.360672	2010 270 0.287763	31	19178 270
2010 271 0.363957	2010 271 0.291581	31	2363 271
2010 272 0.363343	2010 272 0.287886	31	28767 272
2010 273 0.363241	2010 273 0.288721	31	6337 273
2010 274 0.363543	2010 274 0.292047	31	11456 274
2010 275 0.369204	2010 275 0.291629	31	28796 275
2010 276 0.367080	2010 276 0.291895	31	7199 276
2010 277 0.365550	2010 277 0.284128	31	19194 277
2010 278 0.370737	2010 278 0.300925	31	4430 278
2010 279 0.370660	2010 279 0.293446	31	2056 279
2010 280 0.365723	2010 280 0.300028	31	1745 280
2010 281 0.363595	2010 281 0.285860	31	3838 281
2010 282 0.359043	2010 282 0.286492	31	4113 282
2010 283 0.361450	2010 283 0.287221	31	19196 283
2010 284 0.360158	2010 284 0.301922	31	449 284
2010 285 0.355433	2010 285 0.292405	31	1693 285
2010 286 0.354312	2010 286 0.299491	31	9600 286
2010 287 0.348644	2010 287 0.286013	31	6337 287
2010 288 0.351786	2010 288 0.292695	31	6399 288
2010 289 0.351146	2010 289 0.294458	31	19194 289
2010 290 0.353198	2010 290 0.293980	31	1065 290
2010 291 0.353439	2010 291 0.284176	31	3837 291
2010 292 0.352736	2010 292 0.282821	31	2055 292
2010 293 0.352940	2010 293 0.294304	31	28778 293
2010 294 0.355915	2010 294 0.286183	31	14389 294
2010 295 0.353558	2010 295 0.290385	31	2398 295
2010 296 0.352739	2010 296 0.293358	31	1250 296
2010 297 0.355366	2010 297 0.296313	31	1085 297
2010 298 0.349264	2010 298 0.289104	31	2616 298
2010 299 0.350235	2010 299 0.281949	31	5231 299
2010 300 0.351641	2010 300 0.290376	31	14383 300
2010 301 0.348627	2010 301 0.289274	31	5752 301
2010 302 0.352275	2010 302 0.286042	31	4424 302
2010 303 0.346988	2010 303 0.288020	31	7191 303
2010 304 0.337759	2010 304 0.280497	31	2680 304
2010 305 0.345001	2010 305 0.283419	30	7958 305
2010 306 0.343757	2010 306 0.286849	31	4110 306
2010 307 0.346143	2010 307 0.286183	31	3385 307
2010 308 0.353761	2010 308 0.283923	31	4795 308
2010 309 0.354973	2010 309 0.279030	31	7195 309
2010 310 0.350247	2010 310 0.276053	31	6395 310
2010 311 0.355733	2010 311 0.281808	31	19181 311
2010 312 0.350643	2010 312 0.279450	31	4795 312
2010 313 0.347036	2010 313 0.288433	31	8223 313
2010 314 0.342313	2010 314 0.277739	31	11515 314
2010 315 0.343063	2010 315 0.279634	31	2056 315
2010 316 0.348351	2010 316 0.288807	31	900 316
2010 317 0.349269	2010 317 0.283328	31	1028 317
2010 318 0.351539	2010 318 0.278517	31	2214 318
2010 319 0.350287	2010 319 0.273751	31	1798 319
2010 320 0.371285	2010 320 0.283419	31	2269 320
2010 321 0.372130	2010 321 0.281667	31	7198 321
2010 322 0.359086	2010 322 0.272791	31	9597 322
2010 323 0.358124	2010 323 0.273092	31	5657 323
2010 324 0.357316	2010 324 0.279431	31	9595 324
2010 325 0.363856	2010 325 0.282973	31	2616 325
2010 326 0.374546	2010 326 0.286266	31	6391 326
2010 327 0.378624	2010 327 0.299718	31	3383 327
2010 328 0.376929	2010 328 0.297768	31	2612 328
2010 329 0.385093	2010 329 0.304511	31	4784 329
2010 330 0.383544	2010 330 0.309528	31	5217 330
2010 331 0.381573	2010 331 0.303923	31	8201 331
2010 332 0.397370	2010 332 0.311614	31	3378 332
2010 333 0.420979	2010 333 0.315260	31	2209 333
2010 334 0.424106	2010 334 0.325102	31	2051 334
2010 335 0.420580	2010 335 0.323573	31	3022 335
2010 336 0.418653	2010 336 0.316150	31	3827 336
2010 337 0.406953	2010 337 0.311118	31	4784 337
2010 338 0.395676	2010 338 0.310624	31	6375 338
2010 339 0.398155	2010 339 0.310369	31	5214 339
2010 340 0.415282	2010 340 0.330382	31	4098 340
2010 341 0.419204	2010 341 0.325880	31	1551 341
2010 342 0.426006	2010 342 0.314612	31	2869 342
2010 343 0.428168	2010 343 0.322404	31	4783 343
2010 344 0.444863	2010 344 0.324981	31	1811 344
2010 345 0.444147	2010 345 0.316347	31	3827 345
2010 346 0.453751	2010 346 0.324851	31	3588 346
2010 347 0.430033	2010 347 0.319368	31	4781 347
2010 348 0.415978	2010 348 0.321667	31	908 348
2010 349 0.433114	2010 349 0.324328	31	1688 349
2010 350 0.434046	2010 350 0.323943	31	2731 350
2010 351 0.443605	2010 351 0.321793	31	3548 351
2010 352 0.436426	2010 352 0.323451	31	2868 352
2010 353 0.417596	2010 353 0.312041	31	4414 353
2010 354 0.415874	2010 354 0.315348	31	2495 354
2010 355 0.422969	2010 355 0.327231	31	2608 355
2010 356 0.429956	2010 356 0.322432	31	2496 356
2010 357 0.442892	2010 357 0.320603	31	2608 357
2010 358 0.436771	2010 358 0.327411	31	2869 358
2010 359 0.429510	2010 359 0.319169	31	2609 359
2010 360 0.428539	2010 360 0.332074	31	4100 360
2010 361 0.428684	2010 361 0.321128	31	3377 361
2010 362 0.436411	2010 362 0.326848	31	795 362
2010 363 0.431494	2010 363 0.319834	31	2682 363
2010 364 0.417102	2010 364 0.313310	31	3188 364
2010 365 0.408296	2010 365 0.320252	31	726 365
