2011 001 0.387121	2011 001 0.318224	31	1640 001
2011 002 0.372708	2011 002 0.308548	31	4412 002
2011 003 0.373142	2011 003 0.312166	31	2305 003
2011 004 0.378623	2011 004 0.306051	31	4732 004
2011 005 0.381130	2011 005 0.298149	31	3389 005
2011 006 0.386288	2011 006 0.300912	31	8235 006
2011 007 0.385214	2011 007 0.303923	31	2745 007
2011 008 0.394802	2011 008 0.314331	31	1406 008
2011 009 0.390400	2011 009 0.306250	31	8231 009
2011 010 0.392576	2011 010 0.306864	31	1185 010
2011 011 0.395336	2011 011 0.308079	31	2015 011
2011 012 0.399176	2011 012 0.306496	31	5763 012
2011 013 0.409458	2011 013 0.306743	31	6404 013
2011 014 0.410888	2011 014 0.312713	31	1859 014
2011 015 0.410216	2011 015 0.314036	31	8237 015
2011 016 0.407229	2011 016 0.303194	31	14417 016
2011 017 0.418896	2011 017 0.309358	31	14415 017
2011 018 0.427640	2011 018 0.310320	31	6332 018
2011 019 0.436181	2011 019 0.320333	31	1550 019
2011 020 0.429570	2011 020 0.313063	31	7205 020
2011 021 0.429055	2011 021 0.317605	31	7205 021
2011 022 0.435805	2011 022 0.317494	31	8229 022
2011 023 0.456606	2011 023 0.320062	31	9597 023
2011 024 0.425293	2011 024 0.311060	31	6400 024
2011 025 0.405590	2011 025 0.306507	31	7200 025
2011 026 0.405337	2011 026 0.313613	31	3522 026
2011 027 0.400546	2011 027 0.304616	31	2619 027
2011 028 0.399480	2011 028 0.317475	31	8224 028
2011 029 0.398799	2011 029 0.311665	31	2399 029
2011 030 0.400572	2011 030 0.303338	31	11518 030
2011 031 0.402405	2011 031 0.311795	31	11520 031
2011 032 0.401460	2011 032 0.308707	31	3032 032
2011 033 0.395594	2011 033 0.302039	31	5760 033
2011 034 0.400074	2011 034 0.309037	31	11523 034
2011 035 0.410177	2011 035 0.308608	31	4431 035
2011 036 0.412218	2011 036 0.322866	31	533 036
2011 037 0.413385	2011 037 0.315226	31	528 037
2011 038 0.408847	2011 038 0.304587	31	11522 038
2011 039 0.401585	2011 039 0.299450	31	3600 039
2011 040 0.395831	2011 040 0.296964	31	19209 040
2011 041 0.374759	2011 041 0.292466	31	11523 041
2011 042 0.385721	2011 042 0.296089	31	19205 042
2011 043 0.406135	2011 043 0.302901	31	3033 043
2011 044 0.419749	2011 044 0.302554	31	3033 044
2011 045 0.413587	2011 045 0.303442	31	11526 045
2011 046 0.425465	2011 046 0.311951	31	1084 046
2011 047 0.407262	2011 047 0.305649	31	6406 047
2011 048 0.402761	2011 048 0.309492	31	28822 048
2011 049 0.376572	2011 049 0.304837	31	647 049
2011 050 0.390940	2011 050 0.305545	31	3202 050
2011 051 0.403868	2011 051 0.307039	31	3843 051
2011 052 0.410281	2011 052 0.310129	31	3202 052
2011 053 0.423369	2011 053 0.314055	31	4117 053
2011 054 0.425144	2011 054 0.311019	31	5642 054
2011 055 0.392427	2011 055 0.307970	31	5238 055
2011 056 0.411652	2011 056 0.307186	31	11522 056
2011 057 0.440066	2011 057 0.312400	31	7206 057
2011 058 0.406422	2011 058 0.298865	31	5242 058
2011 059 0.407672	2011 059 0.297668	31	6406 059
2011 060 0.403771	2011 060 0.302189	31	670 060
2011 061 0.403460	2011 061 0.294400	31	944 061
2011 062 0.401966	2011 062 0.303452	31	2134 062
2011 063 0.399646	2011 063 0.291464	31	1047 063
2011 064 0.394583	2011 064 0.290602	31	9602 064
2011 065 0.387958	2011 065 0.285652	31	11526 065
2011 066 0.392487	2011 066 0.301139	31	2401 066
2011 067 0.393266	2011 067 0.291788	31	4805 067
2011 068 0.396021	2011 068 0.290639	31	8236 068
2011 069 0.402009	2011 069 0.304169	31	519 069
2011 070 0.404210	2011 070 0.317323	31	369 070
2011 071 0.403696	2011 071 0.291211	31	3843 071
2011 072 0.401245	2011 072 0.288377	31	3390 072
2011 073 0.398251	2011 073 0.293848	31	19186 073
2011 074 0.399953	2011 074 0.296553	31	11531 074
2011 075 0.405980	2011 075 0.291664	31	4082 075
2011 076 0.400490	2011 076 0.295712	31	28831 076
2011 077 0.404190	2011 077 0.291066	31	14419 077
2011 078 0.401933	2011 078 0.290878	31	3204 078
2011 079 0.395190	2011 079 0.293688	31	7207 079
2011 080 0.390840	2011 080 0.287464	31	5739 080
2011 081 0.396146	2011 081 0.292907	31	1867 081
2011 082 0.389619	2011 082 0.285075	31	2058 082
2011 083 0.389491	2011 083 0.291396	31	11529 083
2011 084 0.388831	2011 084 0.288174	31	19219 084
2011 085 0.390013	2011 085 0.291210	31	19221 085
2011 086 0.388995	2011 086 0.282665	31	19212 086
2011 087 0.387704	2011 087 0.296563	31	3842 087
2011 088 0.389606	2011 088 0.291617	31	9608 088
2011 089 0.392968	2011 089 0.287927	31	28816 089
2011 090 0.396345	2011 090 0.291222	31	9607 090
2011 091 0.406062	2011 091 0.296778	31	3844 091
2011 092 0.397560	2011 092 0.294275	31	1558 092
2011 093 0.396742	2011 093 0.298590	31	1310 093
2011 094 0.390372	2011 094 0.292551	31	7205 094
2011 095 0.378164	2011 095 0.286165	31	9496 095
2011 096 0.368327	2011 096 0.303670	31	488 096
2011 097 0.378070	2011 097 0.284298	31	19217 097
2011 098 0.388692	2011 098 0.285230	31	3843 098
2011 099 0.394461	2011 099 0.290203	31	1406 099
2011 100 0.389832	2011 100 0.293223	31	7205 100
2011 101 0.392237	2011 101 0.289554	30	3283 101
2011 102 0.395433	2011 102 0.298552	31	1224 102
2011 103 0.396719	2011 103 0.302467	31	314 103
2011 104 0.392812	2011 104 0.289896	31	6405 104
2011 105 0.395946	2011 105 0.285378	31	28832 105
2011 106 0.399720	2011 106 0.286724	31	3842 106
2011 107 0.394920	2011 107 0.283578	31	7207 107
2011 108 0.394094	2011 108 0.290526	31	4118 108
2011 109 0.391617	2011 109 0.285689	31	7209 109
2011 110 0.397770	2011 110 0.289740	31	1341 110
2011 111 0.400774	2011 111 0.285252	31	5640 111
2011 112 0.394098	2011 112 0.297526	31	4438 112
2011 113 0.393846	2011 113 0.283235	31	3604 113
2011 114 0.393367	2011 114 0.295806	31	9606 114
2011 115 0.409931	2011 115 0.287798	31	4803 115
2011 116 0.406453	2011 116 0.287379	31	5766 116
2011 117 0.407917	2011 117 0.293336	31	5764 117
2011 118 0.404880	2011 118 0.296866	31	7208 118
2011 119 0.402528	2011 119 0.301813	31	5240 119
2011 120 0.404356	2011 120 0.293655	31	800 120
2011 121 0.400750	2011 121 0.299669	31	565 121
2011 122 0.396709	2011 122 0.302627	31	564 122
2011 123 0.389356	2011 123 0.300808	31	1686 123
2011 124 0.392594	2011 124 0.305159	31	9614 124
2011 125 0.397570	2011 125 0.302259	31	1671 125
2011 126 0.392098	2011 126 0.305836	31	5244 126
2011 127 0.383943	2011 127 0.307993	31	18881 127
2011 128 0.370448	2011 128 0.305150	30	9300 128
2011 129 0.383176	2011 129 0.298430	30	18599 129
2011 130 0.390102	2011 130 0.302683	31	3995 130
2011 131 0.391697	2011 131 0.300709	31	4805 131
2011 132 0.390845	2011 132 0.302426	31	28827 132
2011 133 0.390590	2011 133 0.303336	31	8179 133
2011 134 0.388123	2011 134 0.308105	30	7971 134
2011 135 0.389375	2011 135 0.303470	30	13949 135
2011 136 0.388655	2011 136 0.308105	30	961 136
2011 137 0.382154	2011 137 0.306446	30	641 137
2011 138 0.380820	2011 138 0.302068	30	5578 138
2011 139 0.379458	2011 139 0.294917	30	5069 139
2011 140 0.383818	2011 140 0.301049	30	9295 140
2011 141 0.380694	2011 141 0.309992	30	4292 141
2011 142 0.382132	2011 142 0.297815	30	9295 142
2011 143 0.385368	2011 143 0.296211	30	6971 143
2011 144 0.381149	2011 144 0.298206	30	13941 144
2011 145 0.382813	2011 145 0.294119	30	13944 145
2011 146 0.384297	2011 146 0.298869	30	2934 146
2011 147 0.384608	2011 147 0.300837	30	1239 147
2011 148 0.386224	2011 148 0.310887	30	697 148
2011 149 0.385878	2011 149 0.308057	30	480 149
2011 150 0.382071	2011 150 0.297296	30	2534 150
2011 151 0.376779	2011 151 0.298963	30	1393 151
2011 152 0.379914	2011 152 0.300970	30	2533 152
2011 153 0.375595	2011 153 0.299174	30	1989 153
2011 154 0.370965	2011 154 0.298100	30	3484 154
2011 155 0.374099	2011 155 0.293794	30	4645 155
2011 156 0.373912	2011 156 0.301996	30	2229 156
2011 157 0.375161	2011 157 0.303766	30	995 157
2011 158 0.371853	2011 158 0.297311	30	6968 158
2011 159 0.376128	2011 159 0.298565	30	1114 159
2011 160 0.370805	2011 160 0.308305	30	1296 160
2011 161 0.369287	2011 161 0.297038	30	2788 161
2011 162 0.372916	2011 162 0.302345	30	1394 162
2011 163 0.369486	2011 163 0.302981	30	1361 163
2011 164 0.375671	2011 164 0.297977	30	1743 164
2011 165 0.381235	2011 165 0.306506	30	1162 165
2011 166 0.371694	2011 166 0.300552	30	18592 166
2011 167 0.367321	2011 167 0.296299	30	1924 167
2011 168 0.370292	2011 168 0.301403	30	18590 168
2011 169 0.368716	2011 169 0.303704	30	27887 169
2011 170 0.375950	2011 170 0.301101	30	9298 170
2011 171 0.375880	2011 171 0.315842	30	5578 171
2011 172 0.374712	2011 172 0.302500	30	3281 172
2011 173 0.377772	2011 173 0.303540	30	4292 173
2011 174 0.379424	2011 174 0.311325	30	664 174
2011 175 0.377925	2011 175 0.313513	30	2424 175
2011 176 0.377070	2011 176 0.296869	30	2935 176
2011 177 0.374128	2011 177 0.296355	30	4648 177
2011 178 0.377193	2011 178 0.298032	30	5576 178
2011 179 0.377511	2011 179 0.313482	30	11155 179
2011 180 0.376236	2011 180 0.306473	30	9295 180
2011 181 0.371065	2011 181 0.303183	30	6196 181
2011 182 0.378000	2011 182 0.313552	30	1033 182
2011 183 0.373874	2011 183 0.300682	30	6970 183
2011 184 0.382742	2011 184 0.299693	30	5070 184
2011 185 0.371263	2011 185 0.303000	30	1360 185
2011 186 0.370942	2011 186 0.307831	30	1690 186
2011 187 0.377315	2011 187 0.299383	30	1186 187
2011 188 0.376510	2011 188 0.296291	30	3718 188
2011 189 0.378227	2011 189 0.295512	30	6970 189
2011 190 0.375652	2011 190 0.297309	30	1429 190
2011 191 0.368357	2011 191 0.301356	30	3485 191
2011 192 0.375492	2011 192 0.300262	30	1267 192
2011 193 0.377480	2011 193 0.306377	30	3982 193
2011 194 0.371664	2011 194 0.299699	30	6195 194
2011 195 0.370026	2011 195 0.305876	30	1639 195
2011 196 0.369163	2011 196 0.294827	30	18580 196
2011 197 0.377461	2011 197 0.306227	30	9294 197
2011 198 0.366528	2011 198 0.304964	30	6969 198
2011 199 0.367707	2011 199 0.296950	30	3980 199
2011 200 0.372496	2011 200 0.299512	30	1266 200
2011 201 0.371299	2011 201 0.300167	30	1741 201
2011 202 0.368285	2011 202 0.296907	30	2786 202
2011 203 0.372738	2011 203 0.310164	30	944 203
2011 204 0.371841	2011 204 0.292872	30	6968 204
2011 205 0.369259	2011 205 0.287128	30	11148 205
2011 206 0.380915	2011 206 0.300866	30	4645 206
2011 207 0.372636	2011 207 0.293038	30	11150 207
2011 208 0.369622	2011 208 0.290017	30	55749 208
2011 209 0.372271	2011 209 0.292622	30	27872 209
2011 210 0.365009	2011 210 0.300051	30	5574 210
2011 211 0.369483	2011 211 0.297179	30	3484 211
2011 212 0.367772	2011 212 0.304239	30	1639 212
2011 213 0.370372	2011 213 0.305659	30	4287 213
2011 214 0.383568	2011 214 0.315993	30	7966 214
2011 215 0.381578	2011 215 0.302107	30	6896 215
2011 216 0.380485	2011 216 0.303812	30	13941 216
2011 217 0.375690	2011 217 0.302216	30	2788 217
2011 218 0.369916	2011 218 0.314179	30	428 218
2011 219 0.379938	2011 219 0.297882	30	5070 219
2011 220 0.374884	2011 220 0.296962	30	3099 220
2011 221 0.372325	2011 221 0.299485	30	3280 221
2011 222 0.375935	2011 222 0.307473	30	1276 222
2011 223 0.374197	2011 223 0.304206	29	3302 223
2011 224 0.376692	2011 224 0.303543	29	2238 224
2011 225 0.375337	2011 225 0.300176	29	17947 225
2011 226 0.372809	2011 226 0.313556	29	5984 226
2011 227 0.370727	2011 227 0.307237	29	53856 227
2011 228 0.365033	2011 228 0.291297	29	1923 228
2011 229 0.373687	2011 229 0.308779	30	2124 229
2011 230 0.367338	2011 230 0.293706	30	9267 230
2011 231 0.367105	2011 231 0.302296	30	9268 231
2011 232 0.368787	2011 232 0.300045	30	11121 232
2011 233 0.365862	2011 233 0.295054	30	13899 233
2011 234 0.365745	2011 234 0.295452	30	6177 234
2011 235 0.365159	2011 235 0.294473	30	2734 235
2011 236 0.367257	2011 236 0.291312	30	7944 236
2011 237 0.373341	2011 237 0.298522	30	1853 237
2011 238 0.369796	2011 238 0.288186	30	9154 238
2011 239 0.366969	2011 239 0.290671	30	4888 239
2011 240 0.366222	2011 240 0.289738	29	7681 240
2011 241 0.368267	2011 241 0.305931	29	1921 241
2011 242 0.365639	2011 242 0.297796	29	1631 242
2011 243 0.366304	2011 243 0.303291	30	10922 243
2011 244 0.365473	2011 244 0.293458	30	6139 244
2011 245 0.363760	2011 245 0.293150	30	7938 245
2011 246 0.372417	2011 246 0.299019	30	1135 246
2011 247 0.374908	2011 247 0.299172	30	5055 247
2011 248 0.372906	2011 248 0.304558	30	4634 248
2011 249 0.371780	2011 249 0.307350	30	550 249
2011 250 0.370738	2011 250 0.296130	30	2499 250
2011 251 0.378336	2011 251 0.292073	29	7687 251
2011 252 0.400685	2011 252 0.324687	29	2446 252
2011 253 0.383480	2011 253 0.309668	29	882 253
2011 254 0.382976	2011 254 0.302204	29	1794 254
2011 255 0.378883	2011 255 0.302837	29	854 255
2011 256 0.378608	2011 256 0.306280	29	1076 256
2011 257 0.378901	2011 257 0.290092	30	5515 257
2011 258 0.380415	2011 258 0.296171	30	9272 258
2011 259 0.388409	2011 259 0.299291	30	27817 259
2011 260 0.393436	2011 260 0.316375	30	604 260
2011 261 0.390073	2011 261 0.305400	30	6952 261
2011 262 0.389761	2011 262 0.302694	30	13911 262
2011 263 0.386588	2011 263 0.302075	30	2883 263
2011 264 0.390029	2011 264 0.311562	30	6180 264
2011 265 0.380026	2011 265 0.298692	30	7946 265
2011 266 0.379803	2011 266 0.297182	30	18542 266
2011 267 0.358427	2011 267 0.258124	30	13924 267
2011 268 0.358735	2011 268 0.255515	30	55714 268
2011 269 0.357824	2011 269 0.272780	30	1092 269
2011 270 0.355075	2011 270 0.266420	30	763 270
2011 271 0.359471	2011 271 0.269393	30	456 271
2011 272 0.349344	2011 272 0.251878	30	2422 272
2011 273 0.346244	2011 273 0.249952	30	26693 273
2011 274 0.345937	2011 274 0.255007	28	2889 274
2011 275 0.350290	2011 275 0.259703	28	764 275
2011 276 0.353288	2011 276 0.253834	28	1677 276
2011 277 0.349072	2011 277 0.259085	29	2835 277
2011 278 0.353125	2011 278 0.264261	29	1381 278
2011 279 0.352283	2011 279 0.258186	29	10766 279
2011 280 0.349620	2011 280 0.253540	29	1015 280
2011 281 0.350978	2011 281 0.273179	29	2340 281
2011 282 0.345268	2011 282 0.277247	29	1380 282
2011 283 0.344291	2011 283 0.255729	29	53819 283
2011 284 0.338379	2011 284 0.259426	29	5980 284
2011 285 0.339299	2011 285 0.254255	29	1856 285
2011 286 0.337545	2011 286 0.250288	29	17941 286
2011 287 0.336600	2011 287 0.255294	29	53841 287
2011 288 0.346936	2011 288 0.254573	30	13926 288
2011 289 0.346149	2011 289 0.259727	30	18568 289
2011 290 0.342034	2011 290 0.253970	30	55722 290
2011 291 0.329623	2011 291 0.259096	30	18578 291
2011 292 0.326933	2011 292 0.255319	30	3715 292
2011 293 0.324529	2011 293 0.237441	30	27870 293
2011 294 0.320983	2011 294 0.237989	30	55743 294
2011 295 0.325106	2011 295 0.235291	30	27871 295
2011 296 0.325905	2011 296 0.243393	30	6967 296
2011 297 0.336924	2011 297 0.253053	30	1506 297
2011 298 0.341602	2011 298 0.271195	30	382 298
2011 299 0.346179	2011 299 0.252747	30	2144 299
2011 300 0.338361	2011 300 0.244855	30	4648 300
2011 301 0.337594	2011 301 0.248092	30	18592 301
2011 302 0.341574	2011 302 0.251882	30	27889 302
2011 303 0.344227	2011 303 0.259835	30	2066 303
2011 304 0.341223	2011 304 0.251204	30	1859 304
2011 305 0.343465	2011 305 0.265606	30	379 305
2011 306 0.350089	2011 306 0.257065	30	1689 306
2011 307 0.346719	2011 307 0.254245	30	9291 307
2011 308 0.351222	2011 308 0.250635	30	1858 308
2011 309 0.352743	2011 309 0.251679	30	3716 309
2011 310 0.357600	2011 310 0.247350	30	55734 310
2011 311 0.363987	2011 311 0.250951	30	9288 311
2011 312 0.365084	2011 312 0.264632	30	1428 312
2011 313 0.372201	2011 313 0.257244	30	18573 313
2011 314 0.362152	2011 314 0.253892	30	10974 314
2011 315 0.356693	2011 315 0.254310	30	5572 315
2011 316 0.359889	2011 316 0.248856	30	27858 316
2011 317 0.360044	2011 317 0.250147	30	27860 317
2011 318 0.376480	2011 318 0.264274	30	27861 318
2011 319 0.391030	2011 319 0.266947	30	1466 319
2011 320 0.386889	2011 320 0.258497	30	7960 320
2011 321 0.391366	2011 321 0.259209	30	18573 321
2011 322 0.381101	2011 322 0.258881	30	5447 322
2011 323 0.377821	2011 323 0.263412	30	27850 323
2011 324 0.381126	2011 324 0.258390	30	11141 324
2011 325 0.373133	2011 325 0.265071	30	4284 325
2011 326 0.364526	2011 326 0.254402	30	55703 326
2011 327 0.363461	2011 327 0.259578	30	4560 327
2011 328 0.366614	2011 328 0.261246	30	7957 328
2011 329 0.372089	2011 329 0.256865	30	55694 329
2011 330 0.376480	2011 330 0.260180	30	55688 330
2011 331 0.376262	2011 331 0.263841	30	3481 331
2011 332 0.369229	2011 332 0.257674	30	55699 332
2011 333 0.364431	2011 333 0.264430	30	2320 333
2011 334 0.365847	2011 334 0.267714	30	990 334
2011 335 0.352998	2011 335 0.246724	30	4641 335
2011 336 0.324169	2011 336 0.254879	30	4212 336
2011 337 0.318680	2011 337 0.247519	30	1113 337
2011 338 0.356633	2011 338 0.251108	30	5054 338
2011 339 0.370864	2011 339 0.263065	29	13475 339
2011 340 0.373291	2011 340 0.258663	29	26955 340
2011 341 0.383919	2011 341 0.261740	29	17974 341
2011 342 0.363074	2011 342 0.255062	29	26955 342
2011 343 0.362947	2011 343 0.265088	29	5391 343
2011 344 0.342579	2011 344 0.254976	29	2567 344
2011 345 0.351265	2011 345 0.254398	29	5989 345
2011 346 0.358877	2011 346 0.246788	29	7701 346
2011 347 0.365024	2011 347 0.253821	29	3369 347
2011 348 0.341046	2011 348 0.257326	30	7958 348
2011 349 0.357476	2011 349 0.250134	30	10985 349
2011 350 0.365081	2011 350 0.250448	30	27854 350
2011 351 0.372525	2011 351 0.248582	31	28800 351
2011 352 0.374134	2011 352 0.259295	31	6403 352
2011 353 0.370794	2011 353 0.249433	31	3551 353
2011 354 0.358939	2011 354 0.247152	31	5185 354
2011 355 0.359294	2011 355 0.248130	31	28776 355
2011 356 0.341505	2011 356 0.246388	31	57622 356
2011 357 0.342305	2011 357 0.243602	31	57621 357
2011 358 0.354765	2011 358 0.249034	31	14405 358
2011 359 0.368184	2011 359 0.249278	31	14405 359
2011 360 0.376901	2011 360 0.248010	31	57609 360
2011 361 0.385805	2011 361 0.254909	31	57621 361
2011 362 0.390348	2011 362 0.251341	31	57626 362
2011 363 0.393916	2011 363 0.260256	31	1067 363
2011 364 0.401680	2011 364 0.257680	31	7205 364
2011 365 0.406247	2011 365 0.264100	31	11528 365
