2010 001 0.261889	2010 001 0.226264	30	1328 001
2010 004 0.252121	2010 004 0.220745	23	503 004
2010 007 0.260724	2010 007 0.226862	23	351 007
2010 008 0.250540	2010 008 0.218816	24	878 008
2010 009 0.254840	2010 009 0.221525	25	794 009
2010 010 0.260224	2010 010 0.228663	28	981 010
2010 011 0.259646	2010 011 0.227789	29	2207 011
2010 012 0.262740	2010 012 0.225517	30	165936 012
2010 013 0.259909	2010 013 0.226338	30	1951 013
2010 014 0.252360	2010 014 0.222756	30	8003 014
2010 015 0.255434	2010 015 0.225964	30	1220 015
2010 016 0.259513	2010 016 0.226237	30	2880 016
2010 017 0.256402	2010 017 0.224770	30	48790 017
2010 018 0.257202	2010 018 0.223766	30	48800 018
2010 019 0.258444	2010 019 0.228012	27	15846 019
2010 023 0.263915	2010 023 0.262068	16	45 023
2010 028 0.251905	2010 028 0.223247	25	633 028
2010 029 0.257858	2010 029 0.226494	29	2463 029
2010 030 0.260591	2010 030 0.227860	30	2522 030
2010 032 0.254514	2010 032 0.230171	25	433 032
2010 036 0.253357	2010 036 0.228453	28	904 036
2010 037 0.255602	2010 037 0.228667	29	4658 037
2010 038 0.258179	2010 038 0.225435	30	5182 038
2010 039 0.260362	2010 039 0.224023	30	9609 039
2010 040 0.257956	2010 040 0.227107	30	5016 040
2010 041 0.258425	2010 041 0.225119	30	1811 041
2010 042 0.258162	2010 042 0.224504	30	4014 042
2010 043 0.254499	2010 043 0.225320	30	908 043
2010 044 0.255869	2010 044 0.224304	26	3096 044
2010 045 0.259684	2010 045 0.225996	30	3643 045
2010 046 0.255964	2010 046 0.224335	30	2973 046
2010 047 0.255724	2010 047 0.223335	29	15596 047
2010 048 0.253080	2010 048 0.224836	29	3977 048
2010 049 0.260147	2010 049 0.225775	29	3422 049
2010 050 0.257472	2010 050 0.222774	29	47413 050
2010 051 0.257787	2010 051 0.225439	30	3628 051
2010 052 0.258870	2010 052 0.227268	30	3873 052
2010 053 0.261875	2010 053 0.222799	30	2646 053
2010 054 0.256014	2010 054 0.225770	30	2297 054
2010 055 0.254263	2010 055 0.225119	29	3931 055
2010 056 0.254426	2010 056 0.225207	30	4157 056
2010 057 0.256840	2010 057 0.223621	30	4127 057
2010 058 0.258073	2010 058 0.224090	30	49077 058
2010 059 0.257660	2010 059 0.225982	30	49080 059
2010 060 0.260518	2010 060 0.227103	30	49088 060
2010 061 0.261478	2010 061 0.225698	30	49093 061
2010 062 0.254996	2010 062 0.225610	30	6076 062
2010 063 0.260563	2010 063 0.227283	30	49110 063
2010 064 0.257770	2010 064 0.227600	30	49128 064
2010 065 0.258555	2010 065 0.228671	30	49140 065
2010 066 0.261071	2010 066 0.225643	30	49141 066
2010 067 0.257710	2010 067 0.224867	30	49148 067
2010 068 0.257558	2010 068 0.225498	30	49154 068
2010 069 0.259475	2010 069 0.226684	30	24578 069
2010 070 0.264412	2010 070 0.226399	30	49166 070
2010 071 0.267241	2010 071 0.230857	30	2172 071
2010 072 0.261565	2010 072 0.226713	30	49178 072
2010 073 0.259657	2010 073 0.226176	30	49162 073
2010 074 0.261980	2010 074 0.225514	30	49172 074
2010 075 0.260288	2010 075 0.227261	30	6901 075
2010 076 0.257959	2010 076 0.226758	30	4859 076
2010 077 0.258361	2010 077 0.224704	30	49185 077
2010 078 0.259670	2010 078 0.224037	30	24589 078
2010 079 0.261046	2010 079 0.226743	30	49173 079
2010 080 0.263576	2010 080 0.225783	30	49178 080
2010 081 0.259870	2010 081 0.226240	30	49183 081
2010 082 0.259364	2010 082 0.225758	30	4919 082
2010 083 0.261815	2010 083 0.225258	29	47410 083
2010 084 0.259707	2010 084 0.225538	29	47407 084
2010 085 0.256957	2010 085 0.224446	29	47416 085
2010 086 0.259470	2010 086 0.224439	29	47417 086
2010 087 0.259483	2010 087 0.228190	29	23708 087
2010 088 0.254438	2010 088 0.223712	29	15807 088
2010 089 0.255241	2010 089 0.223341	29	11753 089
2010 090 0.257497	2010 090 0.221132	29	15593 090
2010 091 0.256798	2010 091 0.224222	29	47435 091
2010 092 0.256964	2010 092 0.223748	29	23459 092
2010 093 0.261177	2010 093 0.222507	29	47442 093
2010 094 0.266387	2010 094 0.221594	29	47455 094
2010 095 0.261223	2010 095 0.224338	29	47454 095
2010 096 0.262184	2010 096 0.226098	29	4664 096
2010 097 0.262110	2010 097 0.227284	29	11625 097
2010 098 0.260145	2010 098 0.226045	29	47469 098
2010 099 0.265171	2010 099 0.228969	29	5139 099
2010 100 0.261482	2010 100 0.226947	29	47453 100
2010 101 0.259944	2010 101 0.223638	29	47449 101
2010 102 0.258771	2010 102 0.222509	29	47446 102
2010 103 0.256930	2010 103 0.223578	30	49241 103
2010 104 0.257476	2010 104 0.222645	30	5368 104
2010 105 0.257572	2010 105 0.221563	30	49260 105
2010 106 0.260663	2010 106 0.224040	30	49260 106
2010 107 0.261992	2010 107 0.223626	30	24630 107
2010 108 0.258798	2010 108 0.225498	30	49258 108
2010 109 0.265910	2010 109 0.226781	30	49268 109
2010 110 0.267189	2010 110 0.229540	30	12263 110
2010 111 0.272211	2010 111 0.230472	30	12083 111
2010 112 0.281041	2010 112 0.237607	30	4421 112
2010 113 0.268266	2010 113 0.248099	11	81 113
2010 114 0.283736	2010 114 0.242698	30	16429 114
2010 115 0.282751	2010 115 0.237068	30	24650 115
2010 116 0.280167	2010 116 0.238933	30	49301 116
2010 117 0.280555	2010 117 0.241933	30	6917 117
2010 118 0.284870	2010 118 0.246977	30	49333 118
2010 119 0.275918	2010 119 0.241474	30	24411 119
2010 120 0.279598	2010 120 0.241322	30	9865 120
2010 121 0.278035	2010 121 0.239541	30	16440 121
2010 122 0.283097	2010 122 0.250242	30	24659 122
2010 123 0.282351	2010 123 0.244478	30	24419 123
2010 124 0.280884	2010 124 0.241256	30	8096 124
2010 125 0.279669	2010 125 0.238637	30	12330 125
2010 126 0.276968	2010 126 0.238563	30	24656 126
2010 127 0.279749	2010 127 0.239712	30	6845 127
2010 128 0.282393	2010 128 0.240030	30	49339 128
2010 129 0.283477	2010 129 0.239493	30	12332 129
2010 130 0.285951	2010 130 0.244423	30	16445 130
2010 131 0.288625	2010 131 0.247420	30	12256 131
2010 132 0.282995	2010 132 0.238249	30	48744 132
2010 133 0.283779	2010 133 0.241363	30	49344 133
2010 134 0.285871	2010 134 0.241749	30	3335 134
2010 135 0.288533	2010 135 0.243970	30	24665 135
2010 136 0.289032	2010 136 0.242641	30	24667 136
2010 137 0.289275	2010 137 0.244985	30	24666 137
2010 138 0.293712	2010 138 0.244431	30	16442 138
2010 139 0.287498	2010 139 0.245246	30	49327 139
2010 140 0.288462	2010 140 0.247783	30	16442 140
2010 141 0.284285	2010 141 0.240500	30	7855 141
2010 142 0.292085	2010 142 0.259253	29	11972 142
2010 143 0.285274	2010 143 0.240493	29	23949 143
2010 144 0.291059	2010 144 0.253403	29	47896 144
2010 145 0.298468	2010 145 0.254472	29	5985 145
2010 146 0.294000	2010 146 0.249678	30	24658 146
2010 147 0.294098	2010 147 0.250788	30	49319 147
2010 148 0.290646	2010 148 0.250419	30	24657 148
2010 149 0.295274	2010 149 0.253823	30	49314 149
2010 150 0.295041	2010 150 0.253123	30	49301 150
2010 151 0.286095	2010 151 0.251164	30	24650 151
2010 152 0.296814	2010 152 0.257103	30	49290 152
2010 153 0.286403	2010 153 0.256197	14	860 153
2010 154 0.298316	2010 154 0.251758	30	49295 154
2010 155 0.299062	2010 155 0.254550	30	7040 155
2010 156 0.303901	2010 156 0.255431	30	49280 156
2010 157 0.306191	2010 157 0.258328	30	49270 157
2010 158 0.310149	2010 158 0.262407	30	49266 158
2010 159 0.301622	2010 159 0.254415	30	16417 159
2010 160 0.296211	2010 160 0.249867	30	4101 160
2010 161 0.296848	2010 161 0.255482	30	49259 161
2010 162 0.295971	2010 162 0.253105	30	12313 162
2010 163 0.288216	2010 163 0.250002	30	49248 163
2010 164 0.292623	2010 164 0.248250	30	49237 164
2010 165 0.293109	2010 165 0.248764	30	49241 165
2010 166 0.291446	2010 166 0.247808	30	49262 166
2010 167 0.293145	2010 167 0.248010	30	9851 167
2010 168 0.289624	2010 168 0.256047	30	2462 168
2010 169 0.289038	2010 169 0.245735	30	16419 169
2010 170 0.295456	2010 170 0.248736	30	24626 170
2010 171 0.292006	2010 171 0.248512	30	49249 171
2010 172 0.293166	2010 172 0.247072	30	6156 172
2010 173 0.290537	2010 173 0.248639	30	49241 173
2010 174 0.290476	2010 174 0.246689	30	49238 174
2010 175 0.294308	2010 175 0.255493	30	12013 175
2010 176 0.292758	2010 176 0.249219	30	49232 176
2010 177 0.297463	2010 177 0.251275	30	16411 177
2010 178 0.294023	2010 178 0.249629	30	24617 178
2010 179 0.292584	2010 179 0.251381	30	16405 179
2010 180 0.293027	2010 180 0.245963	30	16404 180
2010 181 0.295706	2010 181 0.247620	30	49210 181
2010 182 0.289103	2010 182 0.247148	30	9843 182
2010 183 0.288756	2010 183 0.244057	30	7026 183
2010 184 0.289357	2010 184 0.245197	30	49218 184
2010 185 0.287784	2010 185 0.243774	30	49211 185
2010 186 0.282610	2010 186 0.243223	30	49211 186
2010 187 0.283877	2010 187 0.243189	30	49212 187
2010 188 0.286332	2010 188 0.241634	30	9840 188
2010 189 0.287387	2010 189 0.241454	30	49199 189
2010 190 0.288325	2010 190 0.240225	30	49198 190
2010 191 0.290080	2010 191 0.245585	30	16396 191
2010 192 0.290158	2010 192 0.245119	30	3773 192
2010 193 0.287367	2010 193 0.242823	30	49185 193
2010 194 0.285754	2010 194 0.243058	30	49187 194
2010 195 0.285398	2010 195 0.242085	30	49194 195
2010 196 0.286228	2010 196 0.242377	30	49193 196
2010 197 0.288509	2010 197 0.241816	30	12297 197
2010 198 0.289477	2010 198 0.242645	30	49189 198
2010 199 0.292868	2010 199 0.246477	30	24591 199
2010 200 0.288640	2010 200 0.244240	30	16392 200
2010 201 0.287522	2010 201 0.243466	30	49174 201
2010 202 0.286160	2010 202 0.242834	30	7023 202
2010 203 0.288149	2010 203 0.242868	30	16389 203
2010 204 0.288008	2010 204 0.242910	30	12290 204
2010 205 0.286494	2010 205 0.241210	30	24577 205
2010 206 0.286150	2010 206 0.241133	30	49159 206
2010 207 0.286345	2010 207 0.242420	30	49151 207
2010 208 0.286448	2010 208 0.239568	30	7019 208
2010 209 0.286177	2010 209 0.239970	30	24560 209
2010 210 0.289130	2010 210 0.241250	30	5333 210
2010 211 0.289999	2010 211 0.241732	30	49111 211
2010 212 0.290330	2010 212 0.240823	30	9817 212
2010 213 0.291337	2010 213 0.242105	30	16360 213
2010 214 0.287740	2010 214 0.240390	30	24543 214
2010 215 0.289545	2010 215 0.242703	30	6036 215
2010 216 0.287612	2010 216 0.240857	30	7012 216
2010 217 0.288836	2010 217 0.240935	30	12272 217
2010 218 0.290824	2010 218 0.245826	30	49082 218
2010 219 0.284653	2010 219 0.242435	30	9815 219
2010 220 0.286201	2010 220 0.241969	30	49077 220
2010 221 0.288436	2010 221 0.244365	30	49073 221
2010 222 0.293076	2010 222 0.247758	30	49071 222
2010 223 0.288388	2010 223 0.240932	30	49063 223
2010 224 0.283926	2010 224 0.240774	30	49066 224
2010 225 0.283907	2010 225 0.240262	30	24525 225
2010 226 0.282239	2010 226 0.239620	30	49060 226
2010 227 0.287733	2010 227 0.239489	30	49049 227
2010 228 0.291620	2010 228 0.240143	30	16348 228
2010 229 0.286233	2010 229 0.237987	30	2580 229
2010 230 0.286901	2010 230 0.241269	30	16329 230
2010 231 0.287802	2010 231 0.238836	30	47950 231
2010 232 0.289268	2010 232 0.238706	30	48990 232
2010 233 0.286874	2010 233 0.238411	30	48986 233
2010 234 0.289103	2010 234 0.243628	30	12247 234
2010 235 0.289596	2010 235 0.247085	30	16335 235
2010 236 0.284033	2010 236 0.244178	30	4355 236
2010 237 0.287814	2010 237 0.241019	30	12248 237
2010 238 0.287705	2010 238 0.238097	30	6941 238
2010 239 0.289932	2010 239 0.244628	31	24837 239
2010 240 0.284001	2010 240 0.243187	31	50752 240
2010 241 0.286489	2010 241 0.242831	31	50796 241
2010 242 0.282257	2010 242 0.242072	31	4234 242
2010 243 0.277631	2010 243 0.237310	31	16946 243
2010 244 0.281210	2010 244 0.239090	31	16951 244
2010 245 0.285973	2010 245 0.240072	31	16956 245
2010 246 0.281344	2010 246 0.243200	31	12719 246
2010 247 0.283713	2010 247 0.242411	31	25450 247
2010 248 0.280766	2010 248 0.237905	31	16969 248
2010 249 0.276141	2010 249 0.237988	31	25452 249
2010 250 0.277466	2010 250 0.237642	31	10182 250
2010 251 0.284156	2010 251 0.241294	31	25465 251
2010 252 0.286024	2010 252 0.244884	31	25462 252
2010 253 0.290343	2010 253 0.249848	31	50928 253
2010 254 0.280735	2010 254 0.239647	31	25462 254
2010 255 0.279591	2010 255 0.236285	31	50931 255
2010 256 0.284508	2010 256 0.240298	31	50922 256
2010 257 0.285691	2010 257 0.239698	31	50921 257
2010 258 0.283233	2010 258 0.240621	31	25461 258
2010 259 0.282002	2010 259 0.238641	31	25465 259
2010 260 0.286005	2010 260 0.244503	31	25466 260
2010 261 0.282834	2010 261 0.239751	31	16975 261
2010 262 0.282889	2010 262 0.237864	31	25466 262
2010 263 0.283458	2010 263 0.239927	31	25470 263
2010 264 0.278192	2010 264 0.237230	31	4995 264
2010 265 0.278903	2010 265 0.235963	31	16983 265
2010 266 0.279504	2010 266 0.238283	31	16723 266
2010 267 0.277971	2010 267 0.243449	31	12741 267
2010 268 0.281452	2010 268 0.239049	31	16989 268
2010 269 0.280044	2010 269 0.238589	31	16992 269
2010 270 0.282195	2010 270 0.240193	31	8434 270
2010 271 0.282350	2010 271 0.236784	31	6266 271
2010 272 0.280313	2010 272 0.235647	31	10195 272
2010 273 0.279679	2010 273 0.234025	31	6305 273
2010 274 0.278356	2010 274 0.235101	31	5577 274
2010 275 0.282883	2010 275 0.239479	31	12747 275
2010 276 0.281183	2010 276 0.238586	31	50989 276
2010 277 0.280314	2010 277 0.235851	31	12747 277
2010 278 0.277870	2010 278 0.236869	31	16998 278
2010 279 0.279313	2010 279 0.236208	31	25502 279
2010 280 0.278535	2010 280 0.237266	31	51016 280
2010 281 0.281196	2010 281 0.240580	31	51025 281
2010 282 0.281572	2010 282 0.240614	31	51029 282
2010 283 0.275274	2010 283 0.237676	31	25515 283
2010 284 0.280694	2010 284 0.239583	31	51034 284
2010 285 0.278646	2010 285 0.237226	31	51040 285
2010 286 0.274657	2010 286 0.238331	31	25524 286
2010 287 0.277160	2010 287 0.235780	31	5572 287
2010 288 0.274899	2010 288 0.239647	31	25535 288
2010 289 0.273874	2010 289 0.240134	31	51075 289
2010 290 0.280735	2010 290 0.242908	31	51078 290
2010 291 0.276886	2010 291 0.241791	31	17028 291
2010 292 0.277050	2010 292 0.238337	31	51100 292
2010 293 0.277622	2010 293 0.233978	31	51103 293
2010 294 0.273580	2010 294 0.235438	31	51128 294
2010 295 0.275809	2010 295 0.241782	31	17042 295
2010 296 0.276777	2010 296 0.241432	31	51120 296
2010 297 0.292939	2010 297 0.251165	31	51121 297
2010 298 0.285041	2010 298 0.243753	31	51109 298
2010 299 0.276183	2010 299 0.239821	31	25559 299
2010 300 0.273771	2010 300 0.235380	31	51118 300
2010 301 0.275328	2010 301 0.236755	31	51121 301
2010 302 0.274805	2010 302 0.237500	31	51124 302
2010 303 0.274586	2010 303 0.235178	31	51127 303
2010 304 0.293347	2010 304 0.253035	31	2184 304
2010 305 0.302094	2010 305 0.258150	30	49532 305
2010 306 0.279116	2010 306 0.238773	31	51127 306
2010 307 0.276707	2010 307 0.237551	31	51126 307
2010 308 0.273676	2010 308 0.236255	31	51123 308
2010 309 0.272721	2010 309 0.236650	31	51125 309
2010 310 0.276338	2010 310 0.238892	31	51125 310
2010 311 0.273721	2010 311 0.235772	31	51122 311
2010 312 0.288813	2010 312 0.244818	31	7303 312
2010 313 0.276687	2010 313 0.242734	31	51161 313
2010 314 0.279390	2010 314 0.246907	31	51164 314
2010 315 0.283024	2010 315 0.247133	31	51165 315
2010 316 0.281818	2010 316 0.247638	31	25580 316
2010 317 0.281047	2010 317 0.246733	31	17052 317
2010 318 0.278428	2010 318 0.244345	31	51157 318
2010 319 0.274848	2010 319 0.234798	31	51153 319
2010 320 0.267002	2010 320 0.230926	31	5008 320
2010 321 0.266766	2010 321 0.229459	31	12786 321
2010 322 0.266888	2010 322 0.228465	31	25578 322
2010 323 0.266099	2010 323 0.228613	31	10124 323
2010 324 0.271929	2010 324 0.230376	31	51158 324
2010 325 0.277361	2010 325 0.231988	31	51157 325
2010 326 0.268101	2010 326 0.226137	31	51163 326
2010 327 0.268270	2010 327 0.224741	31	51167 327
2010 328 0.273719	2010 328 0.224891	31	51164 328
2010 329 0.274451	2010 329 0.226125	31	51166 329
2010 330 0.272041	2010 330 0.226468	31	51172 330
2010 331 0.268001	2010 331 0.226991	31	51185 331
2010 332 0.264106	2010 332 0.225473	31	51189 332
2010 333 0.267633	2010 333 0.227175	31	51191 333
2010 334 0.268289	2010 334 0.224481	31	51185 334
2010 335 0.263824	2010 335 0.224469	31	25590 335
2010 336 0.266606	2010 336 0.225840	31	8531 336
2010 337 0.263645	2010 337 0.224162	31	51201 337
2010 338 0.271426	2010 338 0.226004	31	51198 338
2010 339 0.263769	2010 339 0.224063	31	51200 339
2010 340 0.265202	2010 340 0.224585	31	51186 340
2010 341 0.264183	2010 341 0.225696	31	51189 341
2010 342 0.264927	2010 342 0.224454	31	51188 342
2010 343 0.262949	2010 343 0.225132	31	51188 343
2010 344 0.267588	2010 344 0.224422	31	12462 344
2010 345 0.267880	2010 345 0.223933	31	51181 345
2010 346 0.270817	2010 346 0.226498	31	51172 346
2010 347 0.262787	2010 347 0.223609	31	51161 347
2010 348 0.257865	2010 348 0.222852	31	5553 348
2010 349 0.270039	2010 349 0.223753	31	51152 349
2010 350 0.276907	2010 350 0.224183	31	51150 350
2010 351 0.288147	2010 351 0.227290	31	50171 351
2010 352 0.276633	2010 352 0.224627	31	51157 352
2010 353 0.269025	2010 353 0.223785	31	51160 353
2010 354 0.270124	2010 354 0.222139	31	51162 354
2010 355 0.277669	2010 355 0.224353	31	51169 355
2010 356 0.270607	2010 356 0.223158	31	51175 356
2010 357 0.266578	2010 357 0.222822	31	51174 357
2010 358 0.264715	2010 358 0.222265	31	51179 358
2010 359 0.273459	2010 359 0.223340	31	51181 359
2010 360 0.276873	2010 360 0.222668	31	51188 360
2010 361 0.273345	2010 361 0.222823	31	51188 361
2010 362 0.276160	2010 362 0.225967	31	51176 362
2010 363 0.276594	2010 363 0.227618	31	49955 363
2010 364 0.284473	2010 364 0.228508	31	51183 364
2010 365 0.288916	2010 365 0.231559	31	51192 365
