2009 003 0.251705	2009 003 0.245091	25	16262 003
2009 004 0.267647	2009 004 0.244862	30	49082 004
2009 005 0.263792	2009 005 0.246391	30	49080 005
2009 006 0.255831	2009 006 0.240757	30	48400 006
2009 009 0.242975	2009 009 0.233760	23	14904 009
2009 010 0.252283	2009 010 0.237454	30	49058 010
2009 011 0.257285	2009 011 0.244670	30	49037 011
2009 012 0.265202	2009 012 0.251296	28	771 012
2009 013 0.242105	2009 013 0.231103	13	2306 013
2009 014 0.247895	2009 014 0.238622	23	4619 014
2009 015 0.254916	2009 015 0.246352	30	7008 015
2009 016 0.254641	2009 016 0.244341	30	49025 016
2009 017 0.254167	2009 017 0.244431	30	49014 017
2009 018 0.256730	2009 018 0.244262	30	49004 018
2009 019 0.255548	2009 019 0.242883	30	49002 019
2009 020 0.255015	2009 020 0.244042	30	49002 020
2009 021 0.253480	2009 021 0.243278	30	48997 021
2009 022 0.250704	2009 022 0.243292	30	49002 022
2009 023 0.248008	2009 023 0.242480	30	48993 023
2009 024 0.247372	2009 024 0.241816	30	48989 024
2009 025 0.249892	2009 025 0.242418	30	48989 025
2009 026 0.260842	2009 026 0.247375	30	48984 026
2009 027 0.269024	2009 027 0.248456	30	24489 027
2009 028 0.255309	2009 028 0.246168	30	48984 028
2009 029 0.255474	2009 029 0.241874	30	48973 029
2009 030 0.251643	2009 030 0.242753	30	48974 030
2009 031 0.249054	2009 031 0.243417	30	48968 031
2009 032 0.251086	2009 032 0.243240	30	48970 032
2009 033 0.251303	2009 033 0.243179	30	48964 033
2009 034 0.252231	2009 034 0.244975	29	5160 034
2009 035 0.252442	2009 035 0.245173	30	48952 035
2009 036 0.250072	2009 036 0.244011	30	48971 036
2009 037 0.248727	2009 037 0.244532	30	48973 037
2009 038 0.246120	2009 038 0.241640	30	48969 038
2009 039 0.247650	2009 039 0.241631	30	48952 039
2009 040 0.243662	2009 040 0.240861	30	48937 040
2009 041 0.245577	2009 041 0.240325	30	48925 041
2009 042 0.248497	2009 042 0.238017	30	48871 042
2009 043 0.247908	2009 043 0.238831	30	47703 043
2009 044 0.252572	2009 044 0.238468	30	48919 044
2009 045 0.249514	2009 045 0.240458	30	48915 045
2009 046 0.248520	2009 046 0.238781	30	48916 046
2009 047 0.248166	2009 047 0.238186	30	24445 047
2009 048 0.246293	2009 048 0.238946	30	48728 048
2009 049 0.250749	2009 049 0.239384	30	48900 049
2009 050 0.249253	2009 050 0.238986	30	48902 050
2009 051 0.249829	2009 051 0.238131	30	48892 051
2009 052 0.252482	2009 052 0.239478	30	48889 052
2009 053 0.249778	2009 053 0.241666	30	48897 053
2009 054 0.246012	2009 054 0.240080	30	1279 054
2009 055 0.253974	2009 055 0.248836	30	47868 055
2009 056 0.257578	2009 056 0.251273	30	48880 056
2009 057 0.255394	2009 057 0.248184	30	48881 057
2009 058 0.259833	2009 058 0.246064	30	48829 058
2009 059 0.263655	2009 059 0.246044	30	48970 059
2009 060 0.258954	2009 060 0.247647	30	48995 060
2009 061 0.255837	2009 061 0.245209	30	49016 061
2009 062 0.262206	2009 062 0.258410	30	48981 062
2009 063 0.255509	2009 063 0.254608	30	49043 063
2009 064 0.258657	2009 064 0.253101	30	49057 064
2009 065 0.259442	2009 065 0.253218	30	48673 065
2009 066 0.261126	2009 066 0.247257	30	49076 066
2009 067 0.256945	2009 067 0.246451	30	49075 067
2009 068 0.258326	2009 068 0.246942	30	16360 068
2009 069 0.262397	2009 069 0.247393	30	49096 069
2009 070 0.261519	2009 070 0.246977	30	8183 070
2009 071 0.262237	2009 071 0.246593	30	49118 071
2009 072 0.263155	2009 072 0.245962	30	49133 072
2009 073 0.261115	2009 073 0.246068	30	49117 073
2009 074 0.257286	2009 074 0.244824	30	49111 074
2009 075 0.253999	2009 075 0.246337	30	49117 075
2009 076 0.258789	2009 076 0.251668	30	49127 076
2009 077 0.259745	2009 077 0.251368	30	49131 077
2009 078 0.259729	2009 078 0.251209	30	49135 078
2009 079 0.255689	2009 079 0.251159	30	49155 079
2009 080 0.254336	2009 080 0.252362	30	49160 080
2009 081 0.253775	2009 081 0.253704	30	49172 081
2009 082 0.252171	2009 082 0.253572	30	49175 082
2009 083 0.255783	2009 083 0.252711	30	49171 083
2009 084 0.252582	2009 084 0.251388	30	49178 084
2009 085 0.258977	2009 085 0.250775	30	49182 085
2009 086 0.259692	2009 086 0.251427	29	47562 086
2009 087 0.257171	2009 087 0.252359	29	47555 087
2009 088 0.260053	2009 088 0.251976	29	47571 088
2009 089 0.265599	2009 089 0.250280	29	47559 089
2009 090 0.261674	2009 090 0.249937	29	47553 090
2009 091 0.258062	2009 091 0.249555	29	47550 091
2009 092 0.256251	2009 092 0.247734	29	47556 092
2009 093 0.259936	2009 093 0.250358	29	47550 093
2009 094 0.257877	2009 094 0.249010	29	47571 094
2009 095 0.262365	2009 095 0.249874	29	47576 095
2009 096 0.263727	2009 096 0.251859	29	47585 096
2009 097 0.263584	2009 097 0.250326	29	47596 097
2009 098 0.260948	2009 098 0.250178	29	47601 098
2009 099 0.260076	2009 099 0.249733	29	47598 099
2009 100 0.255457	2009 100 0.250840	29	47600 100
2009 101 0.257444	2009 101 0.250201	29	47601 101
2009 102 0.253641	2009 102 0.250140	29	47608 102
2009 103 0.252902	2009 103 0.249043	29	47610 103
2009 104 0.250872	2009 104 0.248809	29	47607 104
2009 105 0.251289	2009 105 0.247775	29	47614 105
2009 106 0.252568	2009 106 0.246484	29	47618 106
2009 107 0.254183	2009 107 0.251013	29	47633 107
2009 108 0.256783	2009 108 0.252558	29	47628 108
2009 109 0.258595	2009 109 0.253941	29	47631 109
2009 110 0.257918	2009 110 0.255625	29	47629 110
2009 111 0.259927	2009 111 0.256737	29	47635 111
2009 112 0.263410	2009 112 0.255066	29	47631 112
2009 113 0.262223	2009 113 0.257043	29	47639 113
2009 114 0.262735	2009 114 0.258524	29	47627 114
2009 115 0.266639	2009 115 0.257385	29	47621 115
2009 116 0.262672	2009 116 0.256125	29	47607 116
2009 117 0.261729	2009 117 0.254836	29	47625 117
2009 118 0.263727	2009 118 0.258936	29	47634 118
2009 119 0.260882	2009 119 0.257787	29	47645 119
2009 120 0.264944	2009 120 0.254264	29	47207 120
2009 121 0.265142	2009 121 0.256930	29	47641 121
2009 122 0.266745	2009 122 0.262127	29	47643 122
2009 123 0.277701	2009 123 0.270152	29	47640 123
2009 124 0.278779	2009 124 0.271787	29	47635 124
2009 125 0.288221	2009 125 0.279894	29	47650 125
2009 126 0.281495	2009 126 0.273425	29	47644 126
2009 127 0.281346	2009 127 0.268181	29	47639 127
2009 128 0.276162	2009 128 0.266320	29	47644 128
2009 129 0.277790	2009 129 0.269843	29	47644 129
2009 130 0.278700	2009 130 0.272193	29	47640 130
2009 131 0.280422	2009 131 0.271976	29	47654 131
2009 132 0.276276	2009 132 0.269729	28	45828 132
2009 133 0.277328	2009 133 0.270666	29	47667 133
2009 134 0.277181	2009 134 0.272335	29	47662 134
2009 135 0.280302	2009 135 0.274739	29	47648 135
2009 136 0.279806	2009 136 0.270491	29	47644 136
2009 137 0.284731	2009 137 0.272420	29	47643 137
2009 138 0.287624	2009 138 0.275721	29	47608 138
2009 139 0.290866	2009 139 0.274391	29	500 139
2009 140 0.286829	2009 140 0.274243	29	47630 140
2009 141 0.282475	2009 141 0.274606	29	47640 141
2009 142 0.285558	2009 142 0.274562	29	47640 142
2009 143 0.292134	2009 143 0.272358	29	47645 143
2009 144 0.287639	2009 144 0.276383	29	47644 144
2009 145 0.294274	2009 145 0.282961	29	47637 145
2009 146 0.289571	2009 146 0.277780	29	47632 146
2009 147 0.291047	2009 147 0.278220	29	47643 147
2009 148 0.290676	2009 148 0.277509	29	47648 148
2009 149 0.290573	2009 149 0.279951	29	23815 149
2009 150 0.292413	2009 150 0.276373	29	23811 150
2009 151 0.290151	2009 151 0.279962	29	23810 151
2009 152 0.293171	2009 152 0.282460	29	47612 152
2009 153 0.291635	2009 153 0.281608	29	47614 153
2009 154 0.290027	2009 154 0.280884	29	47608 154
2009 155 0.291661	2009 155 0.279245	29	47605 155
2009 156 0.289748	2009 156 0.277481	29	47601 156
2009 157 0.286458	2009 157 0.279037	29	47596 157
2009 158 0.291146	2009 158 0.285336	29	47597 158
2009 159 0.287502	2009 159 0.279845	29	47589 159
2009 160 0.294504	2009 160 0.284574	29	47592 160
2009 161 0.287310	2009 161 0.280594	29	47578 161
2009 162 0.288567	2009 162 0.281800	29	47567 162
2009 163 0.290265	2009 163 0.279362	29	47550 163
2009 164 0.290639	2009 164 0.281548	29	47557 164
2009 165 0.289267	2009 165 0.285099	29	47552 165
2009 166 0.291788	2009 166 0.282526	29	47549 166
2009 167 0.292379	2009 167 0.284927	29	47540 167
2009 168 0.293986	2009 168 0.283932	29	47545 168
2009 169 0.295800	2009 169 0.288552	29	47537 169
2009 170 0.296219	2009 170 0.284841	29	47533 170
2009 171 0.290186	2009 171 0.281543	29	47532 171
2009 172 0.291960	2009 172 0.285291	29	47527 172
2009 173 0.289067	2009 173 0.284963	29	47539 173
2009 174 0.287309	2009 174 0.279831	29	47538 174
2009 175 0.289533	2009 175 0.279305	29	47527 175
2009 176 0.292042	2009 176 0.279197	29	47510 176
2009 177 0.291415	2009 177 0.282581	29	23232 177
2009 178 0.286685	2009 178 0.281576	28	45869 178
2009 179 0.289774	2009 179 0.278233	28	45857 179
2009 180 0.289073	2009 180 0.276605	28	45849 180
2009 181 0.285391	2009 181 0.274726	28	45839 181
2009 182 0.286476	2009 182 0.276159	29	46086 182
2009 183 0.283823	2009 183 0.274304	29	47458 183
2009 184 0.281752	2009 184 0.273154	29	47450 184
2009 185 0.282391	2009 185 0.270067	29	47450 185
2009 186 0.281834	2009 186 0.270542	29	47444 186
2009 187 0.281483	2009 187 0.271982	29	47435 187
2009 188 0.280359	2009 188 0.269424	29	47434 188
2009 189 0.278603	2009 189 0.269493	29	47425 189
2009 190 0.279773	2009 190 0.268875	29	47423 190
2009 191 0.278905	2009 191 0.268256	29	47415 191
2009 192 0.280591	2009 192 0.267582	29	47381 192
2009 193 0.281291	2009 193 0.269813	29	47367 193
2009 194 0.278829	2009 194 0.267643	29	47377 194
2009 195 0.277716	2009 195 0.268192	29	47375 195
2009 196 0.280763	2009 196 0.271694	29	47359 196
2009 197 0.282834	2009 197 0.271383	29	47364 197
2009 198 0.282512	2009 198 0.270070	29	47356 198
2009 199 0.283414	2009 199 0.270097	29	47354 199
2009 200 0.280446	2009 200 0.269010	29	47348 200
2009 201 0.281633	2009 201 0.267320	29	47344 201
2009 202 0.281235	2009 202 0.265671	29	47333 202
2009 203 0.280101	2009 203 0.268957	29	47310 203
2009 204 0.283435	2009 204 0.268185	29	47306 204
2009 205 0.280696	2009 205 0.267798	29	46341 205
2009 206 0.280426	2009 206 0.265641	28	45763 206
2009 207 0.285376	2009 207 0.268898	28	45752 207
2009 208 0.277903	2009 208 0.267647	29	47296 208
2009 209 0.282718	2009 209 0.267815	29	47279 209
2009 210 0.281188	2009 210 0.267442	29	47289 210
2009 211 0.279933	2009 211 0.264791	29	46935 211
2009 212 0.282367	2009 212 0.266515	29	47280 212
2009 213 0.283338	2009 213 0.264599	29	47268 213
2009 214 0.281672	2009 214 0.266247	29	47270 214
2009 215 0.281829	2009 215 0.266220	29	47260 215
2009 216 0.284703	2009 216 0.265619	29	47257 216
2009 217 0.284787	2009 217 0.267840	29	46352 217
2009 218 0.284853	2009 218 0.270134	29	47241 218
2009 219 0.279257	2009 219 0.266038	29	47242 219
2009 220 0.275985	2009 220 0.265010	29	47234 220
2009 221 0.279277	2009 221 0.267564	29	47227 221
2009 222 0.276481	2009 222 0.263686	29	23604 222
2009 223 0.280545	2009 223 0.264838	29	47191 223
2009 224 0.280627	2009 224 0.261988	29	47176 224
2009 225 0.280291	2009 225 0.262087	29	47166 225
2009 226 0.277784	2009 226 0.263879	29	47159 226
2009 227 0.276582	2009 227 0.264265	29	47162 227
2009 228 0.270837	2009 228 0.259301	29	47148 228
2009 229 0.274498	2009 229 0.261992	29	47141 229
2009 230 0.273220	2009 230 0.261702	29	47143 230
2009 231 0.275782	2009 231 0.261443	29	47127 231
2009 232 0.277106	2009 232 0.260180	29	47118 232
2009 233 0.279931	2009 233 0.262298	28	45494 233
2009 234 0.280236	2009 234 0.260848	28	45452 234
2009 235 0.275423	2009 235 0.260154	28	45420 235
2009 236 0.287880	2009 236 0.272671	28	45376 236
2009 237 0.279428	2009 237 0.267464	28	45354 237
2009 238 0.279087	2009 238 0.264906	28	45348 238
2009 239 0.279727	2009 239 0.264414	28	22678 239
2009 240 0.281325	2009 240 0.264294	29	46909 240
2009 241 0.279641	2009 241 0.264764	29	47199 241
2009 242 0.279554	2009 242 0.263587	29	47196 242
2009 243 0.280909	2009 243 0.263773	29	15729 243
2009 244 0.277679	2009 244 0.266033	29	23589 244
2009 246 0.277891	2009 246 0.264453	29	47151 246
2009 247 0.277885	2009 247 0.263665	29	47162 247
2009 248 0.278865	2009 248 0.261662	29	47151 248
2009 249 0.276046	2009 249 0.259808	29	45331 249
2009 250 0.277071	2009 250 0.260883	29	23567 250
2009 251 0.271980	2009 251 0.259215	29	47125 251
2009 252 0.271401	2009 252 0.258014	29	47113 252
2009 253 0.275095	2009 253 0.258920	29	23554 253
2009 254 0.275992	2009 254 0.260350	29	47099 254
2009 255 0.274344	2009 255 0.259141	29	47093 255
2009 256 0.276894	2009 256 0.260159	30	47133 256
2009 257 0.275050	2009 257 0.258559	29	47118 257
2009 258 0.280018	2009 258 0.264612	29	47109 258
2009 259 0.279752	2009 259 0.261583	29	47095 259
2009 260 0.278889	2009 260 0.261371	29	23550 260
2009 261 0.278340	2009 261 0.259853	29	46993 261
2009 262 0.276800	2009 262 0.261495	29	47087 262
2009 263 0.277141	2009 263 0.262074	29	47070 263
2009 264 0.273642	2009 264 0.259473	29	47059 264
2009 265 0.269042	2009 265 0.257262	29	46976 265
2009 266 0.276191	2009 266 0.260536	29	23290 266
2009 267 0.277758	2009 267 0.259477	29	47034 267
2009 268 0.272820	2009 268 0.257343	29	46512 268
2009 269 0.273844	2009 269 0.257920	29	47012 269
2009 270 0.272518	2009 270 0.258890	29	47003 270
2009 271 0.270354	2009 271 0.259843	29	23486 271
2009 272 0.272551	2009 272 0.257220	29	46692 272
2009 273 0.273597	2009 273 0.263736	29	46999 273
2009 274 0.265976	2009 274 0.258865	29	47000 274
2009 275 0.267542	2009 275 0.260701	29	47001 275
2009 276 0.266684	2009 276 0.257186	29	46993 276
2009 277 0.271984	2009 277 0.262407	29	46994 277
2009 278 0.264155	2009 278 0.259845	29	46989 278
2009 279 0.267098	2009 279 0.258395	29	46992 279
2009 280 0.265788	2009 280 0.260552	29	46984 280
2009 281 0.268503	2009 281 0.261188	29	46998 281
2009 282 0.267494	2009 282 0.259203	29	47000 282
2009 283 0.268176	2009 283 0.257398	29	46992 283
2009 284 0.265982	2009 284 0.259253	29	46987 284
2009 285 0.269643	2009 285 0.258551	29	46978 285
2009 286 0.273574	2009 286 0.265837	29	46988 286
2009 287 0.277054	2009 287 0.269998	29	46996 287
2009 288 0.274091	2009 288 0.263578	28	45491 288
2009 289 0.269176	2009 289 0.262326	28	45495 289
2009 290 0.271107	2009 290 0.260651	28	45480 290
2009 291 0.273182	2009 291 0.264260	28	45484 291
2009 292 0.276797	2009 292 0.268159	28	45494 292
2009 293 0.282958	2009 293 0.271959	28	45493 293
2009 294 0.270601	2009 294 0.262324	28	45497 294
2009 295 0.270345	2009 295 0.262057	28	45499 295
2009 300 0.270045	2009 300 0.238808	29	3892 300
2009 301 0.266380	2009 301 0.229904	29	46850 301
2009 302 0.267326	2009 302 0.229574	29	46869 302
2009 303 0.258117	2009 303 0.224040	29	46880 303
2009 304 0.261806	2009 304 0.221500	29	9251 304
2009 305 0.261142	2009 305 0.225339	29	46900 305
2009 306 0.269353	2009 306 0.235307	29	7653 306
2009 307 0.269836	2009 307 0.234281	29	46735 307
2009 308 0.270071	2009 308 0.235077	29	46919 308
2009 309 0.269415	2009 309 0.237455	29	46921 309
2009 310 0.267790	2009 310 0.234598	29	47027 310
2009 311 0.270215	2009 311 0.233918	29	47024 311
2009 312 0.268564	2009 312 0.235201	29	47012 312
2009 313 0.267665	2009 313 0.230963	29	47024 313
2009 314 0.267811	2009 314 0.230964	29	5109 314
2009 315 0.268416	2009 315 0.234387	29	47029 315
2009 316 0.268922	2009 316 0.233428	29	47027 316
2009 317 0.262731	2009 317 0.230482	29	22831 317
2009 318 0.261852	2009 318 0.231801	29	47016 318
2009 319 0.258508	2009 319 0.228673	29	47024 319
2009 320 0.261603	2009 320 0.227935	29	47026 320
2009 321 0.259921	2009 321 0.231492	29	11641 321
2009 322 0.261322	2009 322 0.228286	29	47029 322
2009 323 0.262977	2009 323 0.232841	29	15643 323
2009 324 0.260412	2009 324 0.229855	29	47038 324
2009 325 0.259398	2009 325 0.227962	30	48553 325
2009 326 0.249989	2009 326 0.218973	30	48571 326
2009 327 0.255484	2009 327 0.219743	30	48564 327
2009 328 0.258270	2009 328 0.220621	30	48558 328
2009 329 0.258850	2009 329 0.220662	30	48573 329
2009 330 0.256975	2009 330 0.218823	30	48583 330
2009 331 0.254217	2009 331 0.218771	30	48580 331
2009 332 0.252157	2009 332 0.218163	30	48584 332
2009 333 0.254526	2009 333 0.217196	30	48586 333
2009 334 0.255555	2009 334 0.218733	30	48588 334
2009 335 0.250715	2009 335 0.217234	30	48585 335
2009 336 0.257330	2009 336 0.219621	30	24298 336
2009 337 0.259025	2009 337 0.217814	30	24298 337
2009 338 0.260192	2009 338 0.218161	30	48594 338
2009 339 0.255369	2009 339 0.218143	30	48611 339
2009 340 0.256817	2009 340 0.218239	30	48622 340
2009 341 0.258886	2009 341 0.219196	30	24311 341
2009 342 0.258250	2009 342 0.217811	30	48636 342
2009 343 0.261715	2009 343 0.219425	30	9451 343
2009 344 0.259009	2009 344 0.220137	30	24316 344
2009 345 0.262079	2009 345 0.219842	30	6818 345
2009 346 0.255796	2009 346 0.218006	30	48654 346
2009 347 0.255321	2009 347 0.220241	30	48651 347
2009 348 0.260571	2009 348 0.220518	30	48641 348
2009 349 0.262518	2009 349 0.222161	30	48651 349
2009 350 0.287506	2009 350 0.224209	30	48671 350
2009 351 0.253321	2009 351 0.221101	30	9734 351
2009 352 0.258271	2009 352 0.223146	30	48683 352
2009 353 0.260829	2009 353 0.223706	29	47074 353
2009 354 0.255224	2009 354 0.222969	27	1102 354
2009 356 0.253952	2009 356 0.223472	22	2763 356
2009 357 0.257807	2009 357 0.226426	28	2930 357
2009 358 0.275415	2009 358 0.226750	30	3167 358
2009 359 0.260398	2009 359 0.224245	28	2490 359
2009 360 0.272471	2009 360 0.227631	30	48722 360
2009 361 0.272228	2009 361 0.229163	30	48715 361
2009 362 0.275555	2009 362 0.228844	30	48721 362
2009 363 0.273140	2009 363 0.227246	30	48729 363
2009 364 0.264289	2009 364 0.226840	30	48737 364
2009 365 0.263234	2009 365 0.224459	30	48728 365
