2011 001 0.292303	2011 001 0.234467	31	51187 001
2011 002 0.290012	2011 002 0.235305	31	12797 002
2011 003 0.287399	2011 003 0.231922	31	51188 003
2011 004 0.282128	2011 004 0.227156	31	8380 004
2011 005 0.272225	2011 005 0.222490	31	5686 005
2011 006 0.268993	2011 006 0.222516	31	51205 006
2011 007 0.264071	2011 007 0.222074	31	51216 007
2011 008 0.263541	2011 008 0.223910	31	51216 008
2011 009 0.272745	2011 009 0.223387	31	51211 009
2011 010 0.279389	2011 010 0.226957	31	6275 010
2011 011 0.278856	2011 011 0.225341	31	3860 011
2011 012 0.280101	2011 012 0.226772	31	51204 012
2011 013 0.275222	2011 013 0.225187	31	51208 013
2011 014 0.273705	2011 014 0.228781	31	51203 014
2011 015 0.265843	2011 015 0.225578	31	51205 015
2011 016 0.265339	2011 016 0.225794	31	51207 016
2011 017 0.262725	2011 017 0.226247	31	51213 017
2011 018 0.266372	2011 018 0.225400	31	8426 018
2011 019 0.273168	2011 019 0.226000	31	50518 019
2011 020 0.278406	2011 020 0.230024	31	42326 020
2011 025 0.276268	2011 025 0.228711	25	3120 025
2011 026 0.291480	2011 026 0.256930	31	2222 026
2011 027 0.275754	2011 027 0.231651	31	4068 027
2011 028 0.273896	2011 028 0.229291	31	25605 028
2011 029 0.266993	2011 029 0.227654	31	12803 029
2011 030 0.266081	2011 030 0.226092	31	51231 030
2011 031 0.269416	2011 031 0.226708	31	51227 031
2011 032 0.276845	2011 032 0.227687	31	51235 032
2011 033 0.282764	2011 033 0.228402	31	51240 033
2011 034 0.274359	2011 034 0.226318	31	51240 034
2011 035 0.265817	2011 035 0.226197	31	51242 035
2011 036 0.261566	2011 036 0.224909	31	51244 036
2011 037 0.262080	2011 037 0.223549	31	51251 037
2011 038 0.259725	2011 038 0.222182	31	51248 038
2011 039 0.259547	2011 039 0.220795	31	51252 039
2011 040 0.264148	2011 040 0.221589	31	51252 040
2011 041 0.257783	2011 041 0.221113	31	51261 041
2011 042 0.256533	2011 042 0.220414	31	51276 042
2011 043 0.255482	2011 043 0.220512	31	17092 043
2011 044 0.253913	2011 044 0.220798	31	12819 044
2011 045 0.254682	2011 045 0.221014	31	51300 045
2011 046 0.254993	2011 046 0.221185	31	6212 046
2011 047 0.256274	2011 047 0.220911	31	51293 047
2011 048 0.255135	2011 048 0.220178	31	51287 048
2011 049 0.256573	2011 049 0.220713	31	51291 049
2011 050 0.254709	2011 050 0.220113	31	51293 050
2011 051 0.256496	2011 051 0.219976	31	25648 051
2011 052 0.254910	2011 052 0.219289	31	10259 052
2011 053 0.255895	2011 053 0.221035	31	51312 053
2011 054 0.253057	2011 054 0.218637	31	16578 054
2011 055 0.255656	2011 055 0.218293	31	51320 055
2011 056 0.261916	2011 056 0.219161	31	51324 056
2011 057 0.262650	2011 057 0.221010	31	51319 057
2011 058 0.260074	2011 058 0.219944	31	51321 058
2011 059 0.255876	2011 059 0.218488	31	51332 059
2011 060 0.252509	2011 060 0.219876	31	51324 060
2011 061 0.254749	2011 061 0.220088	31	25654 061
2011 062 0.252380	2011 062 0.221042	31	51294 062
2011 063 0.256479	2011 063 0.221279	31	51287 063
2011 064 0.254194	2011 064 0.221236	31	51301 064
2011 065 0.254381	2011 065 0.220694	31	51307 065
2011 066 0.255275	2011 066 0.221489	31	3664 066
2011 067 0.252619	2011 067 0.221949	31	51302 067
2011 068 0.255604	2011 068 0.222745	31	51311 068
2011 069 0.254067	2011 069 0.224835	31	51310 069
2011 070 0.262726	2011 070 0.228756	31	51308 070
2011 071 0.261904	2011 071 0.227286	31	51326 071
2011 072 0.254756	2011 072 0.224906	31	51309 072
2011 073 0.257014	2011 073 0.226367	31	51340 073
2011 074 0.258891	2011 074 0.226388	31	51348 074
2011 075 0.254136	2011 075 0.224136	31	12688 075
2011 076 0.253427	2011 076 0.223516	31	51358 076
2011 077 0.260061	2011 077 0.223725	31	51369 077
2011 078 0.253041	2011 078 0.223815	31	17124 078
2011 079 0.256192	2011 079 0.225345	31	51374 079
2011 080 0.253607	2011 080 0.223991	31	51330 080
2011 081 0.255306	2011 081 0.223580	31	8518 081
2011 082 0.254985	2011 082 0.224150	31	51402 082
2011 083 0.254896	2011 083 0.223251	31	51415 083
2011 084 0.257707	2011 084 0.231515	31	51412 084
2011 085 0.255006	2011 085 0.222461	31	51415 085
2011 086 0.254322	2011 086 0.223570	31	51430 086
2011 087 0.256292	2011 087 0.223338	31	51438 087
2011 088 0.255450	2011 088 0.224591	31	51459 088
2011 089 0.256800	2011 089 0.223433	31	51459 089
2011 090 0.254861	2011 090 0.222141	31	17152 090
2011 091 0.255183	2011 091 0.224679	31	51464 091
2011 092 0.253114	2011 092 0.223757	31	51467 092
2011 093 0.252585	2011 093 0.222667	31	51472 093
2011 094 0.258008	2011 094 0.224492	31	51471 094
2011 095 0.254423	2011 095 0.222529	31	5617 095
2011 096 0.257280	2011 096 0.222159	31	51479 096
2011 097 0.258565	2011 097 0.223797	31	51482 097
2011 098 0.259040	2011 098 0.225325	31	51478 098
2011 099 0.259578	2011 099 0.225512	31	51472 099
2011 100 0.254890	2011 100 0.224543	31	51472 100
2011 101 0.252225	2011 101 0.224011	30	49648 101
2011 102 0.252563	2011 102 0.221408	31	51006 102
2011 103 0.257148	2011 103 0.222865	31	51514 103
2011 104 0.261601	2011 104 0.223722	31	51516 104
2011 105 0.259705	2011 105 0.221816	31	51518 105
2011 106 0.256259	2011 106 0.220328	31	51523 106
2011 107 0.257927	2011 107 0.221151	31	51517 107
2011 108 0.255695	2011 108 0.222472	31	51512 108
2011 109 0.255764	2011 109 0.222354	31	51515 109
2011 110 0.256504	2011 110 0.222345	31	25760 110
2011 111 0.255700	2011 111 0.221661	31	3575 111
2011 112 0.257745	2011 112 0.220373	31	51514 112
2011 113 0.259284	2011 113 0.219816	31	7359 113
2011 114 0.257207	2011 114 0.223131	31	25763 114
2011 115 0.253854	2011 115 0.221429	31	10305 115
2011 116 0.260094	2011 116 0.224440	31	17176 116
2011 117 0.255228	2011 117 0.221915	31	51528 117
2011 118 0.252250	2011 118 0.221938	31	51552 118
2011 119 0.254750	2011 119 0.225856	31	51545 119
2011 120 0.255584	2011 120 0.223328	31	51543 120
2011 121 0.257797	2011 121 0.224165	31	51555 121
2011 122 0.259244	2011 122 0.225564	31	51551 122
2011 123 0.257794	2011 123 0.222811	31	17022 123
2011 124 0.259845	2011 124 0.228958	31	51557 124
2011 125 0.263261	2011 125 0.225929	31	16900 125
2011 126 0.262727	2011 126 0.225019	31	51544 126
2011 127 0.266744	2011 127 0.233191	31	50833 127
2011 128 0.270983	2011 128 0.235991	30	24839 128
2011 129 0.276759	2011 129 0.239481	30	49674 129
2011 130 0.279627	2011 130 0.238934	31	49889 130
2011 131 0.277169	2011 131 0.238684	31	2709 131
2011 132 0.284322	2011 132 0.240587	31	51531 132
2011 133 0.289884	2011 133 0.240299	31	51188 133
2011 134 0.287177	2011 134 0.242076	30	49742 134
2011 135 0.286659	2011 135 0.242390	30	49749 135
2011 136 0.289888	2011 136 0.246402	30	49756 136
2011 137 0.284394	2011 137 0.242708	30	49769 137
2011 138 0.282293	2011 138 0.239424	30	49736 138
2011 139 0.282276	2011 139 0.248493	30	49738 139
2011 140 0.284890	2011 140 0.241440	30	49733 140
2011 141 0.285437	2011 141 0.241846	30	7106 141
2011 142 0.290267	2011 142 0.246272	30	9946 142
2011 143 0.296409	2011 143 0.252368	30	49736 143
2011 144 0.299243	2011 144 0.257394	30	49731 144
2011 145 0.302859	2011 145 0.260285	30	16567 145
2011 146 0.285617	2011 146 0.246651	30	8284 146
2011 147 0.285669	2011 147 0.243266	30	16572 147
2011 148 0.292894	2011 148 0.248726	30	49729 148
2011 149 0.288267	2011 149 0.250286	30	49719 149
2011 150 0.292406	2011 150 0.255548	30	49705 150
2011 151 0.295875	2011 151 0.251815	30	49727 151
2011 152 0.292062	2011 152 0.247670	30	49726 152
2011 153 0.289541	2011 153 0.247239	30	49728 153
2011 154 0.286972	2011 154 0.246708	30	49749 154
2011 155 0.289360	2011 155 0.244536	30	49743 155
2011 156 0.297634	2011 156 0.247018	30	49744 156
2011 157 0.297812	2011 157 0.253085	30	16579 157
2011 158 0.309556	2011 158 0.270772	30	12436 158
2011 159 0.307737	2011 159 0.258373	30	49744 159
2011 160 0.294629	2011 160 0.259157	30	16581 160
2011 161 0.295780	2011 161 0.250889	30	16582 161
2011 162 0.299308	2011 162 0.253323	30	49746 162
2011 163 0.301184	2011 163 0.254194	30	24867 163
2011 164 0.301206	2011 164 0.253532	30	24866 164
2011 165 0.302428	2011 165 0.259167	30	49731 165
2011 166 0.297939	2011 166 0.251988	30	49734 166
2011 167 0.294088	2011 167 0.255538	30	24872 167
2011 168 0.287579	2011 168 0.247639	30	49748 168
2011 169 0.292168	2011 169 0.251743	30	24873 169
2011 170 0.304458	2011 170 0.259048	30	49747 170
2011 171 0.297859	2011 171 0.254834	30	49752 171
2011 172 0.297430	2011 172 0.254326	30	49753 172
2011 173 0.299185	2011 173 0.255352	30	49750 173
2011 174 0.299228	2011 174 0.255872	30	16583 174
2011 175 0.295609	2011 175 0.254961	30	49747 175
2011 176 0.294173	2011 176 0.253433	30	49755 176
2011 177 0.293746	2011 177 0.255010	30	49753 177
2011 178 0.292139	2011 178 0.253668	30	49738 178
2011 179 0.298723	2011 179 0.253765	30	49751 179
2011 180 0.293788	2011 180 0.251550	30	12438 180
2011 181 0.292776	2011 181 0.249407	30	49768 181
2011 182 0.289460	2011 182 0.248736	30	49767 182
2011 183 0.289707	2011 183 0.246987	30	49768 183
2011 184 0.290325	2011 184 0.248080	30	16588 184
2011 185 0.290044	2011 185 0.246841	30	49769 185
2011 186 0.297015	2011 186 0.254521	30	49766 186
2011 187 0.298666	2011 187 0.252196	30	49769 187
2011 188 0.292412	2011 188 0.250177	30	49760 188
2011 189 0.290071	2011 189 0.248466	30	49756 189
2011 190 0.289237	2011 190 0.249168	30	49748 190
2011 191 0.289628	2011 191 0.247516	30	49751 191
2011 192 0.289374	2011 192 0.245340	30	49742 192
2011 193 0.292591	2011 193 0.257133	30	49718 193
2011 194 0.290396	2011 194 0.250868	30	49716 194
2011 195 0.286050	2011 195 0.248290	30	49716 195
2011 196 0.287354	2011 196 0.247755	30	49716 196
2011 197 0.285342	2011 197 0.245006	30	49716 197
2011 198 0.286387	2011 198 0.247434	30	49722 198
2011 199 0.286339	2011 199 0.243669	30	49710 199
2011 200 0.287628	2011 200 0.244214	30	49727 200
2011 201 0.281656	2011 201 0.244041	30	24868 201
2011 202 0.282713	2011 202 0.241119	30	6215 202
2011 203 0.282942	2011 203 0.243329	30	49728 203
2011 204 0.284224	2011 204 0.242609	30	49731 204
2011 205 0.286340	2011 205 0.242124	30	49726 205
2011 206 0.286481	2011 206 0.242959	30	49729 206
2011 207 0.284467	2011 207 0.243075	30	49725 207
2011 208 0.283901	2011 208 0.240144	30	49728 208
2011 209 0.286438	2011 209 0.242674	30	2759 209
2011 210 0.284816	2011 210 0.240976	30	49721 210
2011 211 0.286638	2011 211 0.245127	30	49726 211
2011 212 0.286585	2011 212 0.242323	30	49727 212
2011 213 0.287650	2011 213 0.248688	30	49722 213
2011 214 0.293980	2011 214 0.250148	30	24862 214
2011 215 0.292426	2011 215 0.248618	30	16326 215
2011 216 0.293000	2011 216 0.245762	30	49738 216
2011 217 0.288601	2011 217 0.246226	30	49739 217
2011 218 0.288351	2011 218 0.245499	30	7101 218
2011 219 0.286451	2011 219 0.243526	30	49709 219
2011 220 0.288766	2011 220 0.243806	30	49707 220
2011 221 0.286541	2011 221 0.244127	30	49721 221
2011 222 0.287273	2011 222 0.242338	30	24422 222
2011 223 0.287859	2011 223 0.242797	29	46605 223
2011 224 0.282307	2011 224 0.239476	29	47581 224
2011 225 0.285311	2011 225 0.239745	29	47832 225
2011 226 0.287344	2011 226 0.240043	29	47829 226
2011 227 0.282484	2011 227 0.240472	29	23914 227
2011 228 0.281233	2011 228 0.238476	29	47828 228
2011 229 0.285497	2011 229 0.238896	30	49258 229
2011 230 0.285623	2011 230 0.242096	30	49604 230
2011 231 0.284574	2011 231 0.238975	30	49621 231
2011 232 0.284709	2011 232 0.239685	30	49624 232
2011 233 0.286236	2011 233 0.239179	30	49624 233
2011 234 0.286484	2011 234 0.236845	30	49623 234
2011 235 0.283115	2011 235 0.240507	30	9718 235
2011 236 0.284341	2011 236 0.239916	30	24820 236
2011 237 0.288287	2011 237 0.239868	30	49644 237
2011 238 0.284651	2011 238 0.240507	30	24690 238
2011 239 0.286656	2011 239 0.239048	29	47828 239
2011 240 0.285222	2011 240 0.243263	29	47826 240
2011 241 0.287923	2011 241 0.242007	29	15943 241
2011 242 0.285073	2011 242 0.237954	29	15820 242
2011 243 0.285185	2011 243 0.237049	30	48482 243
2011 244 0.284957	2011 244 0.242127	30	16318 244
2011 245 0.278835	2011 245 0.235987	30	49622 245
2011 246 0.281146	2011 246 0.238436	30	16538 246
2011 247 0.281212	2011 247 0.238852	30	24810 247
2011 248 0.280978	2011 248 0.235675	30	49631 248
2011 249 0.282709	2011 249 0.237931	30	24816 249
2011 250 0.282828	2011 250 0.236529	30	24641 250
2011 251 0.280780	2011 251 0.236722	30	47802 251
2011 252 0.284043	2011 252 0.238795	29	47804 252
2011 253 0.284607	2011 253 0.237378	29	47797 253
2011 254 0.284168	2011 254 0.239165	29	47802 254
2011 255 0.282148	2011 255 0.237890	29	47800 255
2011 256 0.288226	2011 256 0.247524	29	47790 256
2011 257 0.285042	2011 257 0.241426	30	49170 257
2011 258 0.281019	2011 258 0.238836	30	49620 258
2011 259 0.284547	2011 259 0.251112	30	16534 259
2011 260 0.291792	2011 260 0.250074	30	49603 260
2011 261 0.277520	2011 261 0.241369	30	49614 261
2011 262 0.278644	2011 262 0.242699	30	24805 262
2011 263 0.281424	2011 263 0.238453	30	8069 263
2011 264 0.279338	2011 264 0.237767	30	49603 264
2011 265 0.277415	2011 265 0.242593	30	16534 265
2011 266 0.281725	2011 266 0.240124	30	24802 266
2011 267 0.280552	2011 267 0.241454	30	16532 267
2011 268 0.282485	2011 268 0.245568	30	16533 268
2011 269 0.282370	2011 269 0.242865	30	49597 269
2011 270 0.280524	2011 270 0.240461	30	24797 270
2011 271 0.283047	2011 271 0.243647	30	49592 271
2011 272 0.281904	2011 272 0.240163	30	49599 272
2011 273 0.281292	2011 273 0.238317	29	11832 273
2011 274 0.285434	2011 274 0.240480	28	23112 274
2011 275 0.283810	2011 275 0.242546	28	46221 275
2011 276 0.280902	2011 276 0.241593	28	46227 276
2011 277 0.282965	2011 277 0.249884	29	47746 277
2011 278 0.288784	2011 278 0.251934	29	47754 278
2011 279 0.289685	2011 279 0.253061	29	47776 279
2011 280 0.275904	2011 280 0.236224	29	47758 280
2011 281 0.287578	2011 281 0.246630	29	47760 281
2011 282 0.283999	2011 282 0.249334	29	47751 282
2011 283 0.273290	2011 283 0.238313	29	47757 283
2011 284 0.293415	2011 284 0.254484	29	47754 284
2011 285 0.279016	2011 285 0.244136	29	47755 285
2011 286 0.276862	2011 286 0.241497	29	47748 286
2011 287 0.281633	2011 287 0.241341	29	23866 287
2011 288 0.281177	2011 288 0.245828	30	49589 288
2011 289 0.283352	2011 289 0.243221	30	49606 289
2011 290 0.286780	2011 290 0.247950	30	49606 290
2011 291 0.276798	2011 291 0.238919	30	16532 291
2011 292 0.275521	2011 292 0.238471	30	49578 292
2011 293 0.274679	2011 293 0.238392	30	49583 293
2011 294 0.280150	2011 294 0.241456	30	49581 294
2011 295 0.285428	2011 295 0.247540	30	49571 295
2011 296 0.281574	2011 296 0.241862	30	49575 296
2011 297 0.275311	2011 297 0.240894	30	49586 297
2011 298 0.278046	2011 298 0.244215	30	24792 298
2011 299 0.277480	2011 299 0.241233	30	49582 299
2011 300 0.274952	2011 300 0.238034	30	24787 300
2011 301 0.275358	2011 301 0.241411	30	16525 301
2011 302 0.276631	2011 302 0.241046	30	24788 302
2011 303 0.278347	2011 303 0.242005	30	24790 303
2011 304 0.274785	2011 304 0.238190	30	24785 304
2011 305 0.280638	2011 305 0.247554	30	24790 305
2011 306 0.275514	2011 306 0.237042	30	24785 306
2011 307 0.274830	2011 307 0.237050	30	24778 307
2011 308 0.276158	2011 308 0.236603	30	16514 308
2011 309 0.269504	2011 309 0.235560	30	24771 309
2011 310 0.261602	2011 310 0.228810	30	49540 310
2011 311 0.262655	2011 311 0.232299	30	49538 311
2011 312 0.264691	2011 312 0.229955	30	49529 312
2011 313 0.264429	2011 313 0.231755	30	49532 313
2011 314 0.269211	2011 314 0.231845	30	3478 314
2011 315 0.264959	2011 315 0.228544	30	24761 315
2011 316 0.259297	2011 316 0.228604	30	49517 316
2011 317 0.263044	2011 317 0.230182	30	24756 317
2011 318 0.264486	2011 318 0.227360	30	49500 318
2011 319 0.263659	2011 319 0.228778	30	49503 319
2011 320 0.264889	2011 320 0.231323	30	24748 320
2011 321 0.266026	2011 321 0.229289	30	49492 321
2011 322 0.260908	2011 322 0.229465	30	12016 322
2011 323 0.262936	2011 323 0.224487	30	49499 323
2011 324 0.266539	2011 324 0.226268	30	49491 324
2011 325 0.262219	2011 325 0.232072	30	9893 325
2011 326 0.259066	2011 326 0.226493	30	49462 326
2011 327 0.263606	2011 327 0.228586	30	8040 327
2011 328 0.260353	2011 328 0.224430	30	49451 328
2011 329 0.254306	2011 329 0.224632	30	49436 329
2011 330 0.261542	2011 330 0.231712	30	49445 330
2011 331 0.260780	2011 331 0.226105	30	49444 331
2011 332 0.257839	2011 332 0.225691	30	49441 332
2011 333 0.259217	2011 333 0.224005	30	49432 333
2011 334 0.255490	2011 334 0.229644	30	8051 334
2011 335 0.260371	2011 335 0.227230	30	49429 335
2011 336 0.261580	2011 336 0.232029	30	48957 336
2011 337 0.260993	2011 337 0.224550	30	49420 337
2011 338 0.259534	2011 338 0.224156	30	49364 338
2011 339 0.263737	2011 339 0.222879	29	47640 339
2011 340 0.266385	2011 340 0.224641	29	47640 340
2011 341 0.263567	2011 341 0.222745	29	47643 341
2011 342 0.260272	2011 342 0.221307	29	47636 342
2011 343 0.259253	2011 343 0.222943	29	47649 343
2011 344 0.261267	2011 344 0.222816	29	47642 344
2011 345 0.261932	2011 345 0.223342	29	47635 345
2011 346 0.261992	2011 346 0.223654	29	47626 346
2011 347 0.256305	2011 347 0.221014	29	47621 347
2011 348 0.258995	2011 348 0.220424	30	49409 348
2011 349 0.257863	2011 349 0.221351	30	12101 349
2011 350 0.257969	2011 350 0.220665	30	49428 350
2011 351 0.258740	2011 351 0.222249	31	51251 351
2011 352 0.260695	2011 352 0.222763	31	51301 352
2011 353 0.258150	2011 353 0.223487	31	12567 353
2011 354 0.258622	2011 354 0.223222	31	50744 354
2011 355 0.258360	2011 355 0.220737	31	51298 355
2011 356 0.260984	2011 356 0.221347	31	51304 356
2011 357 0.264355	2011 357 0.223493	31	51301 357
2011 358 0.262899	2011 358 0.221883	31	51299 358
2011 359 0.262226	2011 359 0.221023	31	51286 359
2011 360 0.260992	2011 360 0.221883	31	51303 360
2011 361 0.259023	2011 361 0.219054	31	51293 361
2011 362 0.257413	2011 362 0.223803	31	51285 362
2011 363 0.263492	2011 363 0.228611	31	51291 363
2011 364 0.260187	2011 364 0.230594	31	7326 364
2011 365 0.266186	2011 365 0.231469	31	51291 365
