2012 001 0.307165	2012 001 0.280880	31	5122 001
2012 002 0.311807	2012 002 0.291539	31	3931 002
2012 003 0.317761	2012 003 0.291527	31	2552 003
2012 004 0.318886	2012 004 0.294206	31	2430 004
2012 005 0.318706	2012 005 0.300447	31	2219 005
2012 006 0.306559	2012 006 0.283370	31	4647 006
2012 007 0.310268	2012 007 0.281078	31	3653 007
2012 008 0.318292	2012 008 0.287888	31	2842 008
2012 009 0.324904	2012 009 0.310951	31	1542 009
2012 010 0.308550	2012 010 0.285133	31	5671 010
2012 011 0.308991	2012 011 0.285761	31	4653 011
2012 012 0.315682	2012 012 0.281405	31	3009 012
2012 013 0.312640	2012 013 0.283486	31	3408 013
2012 014 0.307894	2012 014 0.276321	31	4653 014
2012 015 0.311685	2012 015 0.282967	31	3196 015
2012 016 0.304297	2012 016 0.276948	31	4268 016
2012 017 0.307219	2012 017 0.268860	31	4660 017
2012 018 0.306567	2012 018 0.274427	31	3415 018
2012 019 0.309236	2012 019 0.279863	31	3931 019
2012 020 0.318660	2012 020 0.302481	31	2320 020
2012 021 0.326392	2012 021 0.309786	31	2043 021
2012 022 0.317518	2012 022 0.297000	31	3196 022
2012 023 0.323421	2012 023 0.300781	31	3409 023
2012 024 0.320958	2012 024 0.305755	31	2045 024
2012 025 0.325001	2012 025 0.303092	31	1964 025
2012 026 0.310879	2012 026 0.296481	31	2219 026
2012 027 0.304007	2012 027 0.309162	31	2692 027
2012 028 0.304080	2012 028 0.284667	31	2556 028
2012 029 0.306244	2012 029 0.286555	31	2130 029
2012 030 0.305423	2012 030 0.284446	31	1703 030
2012 031 0.302690	2012 031 0.287812	31	2841 031
2012 032 0.303179	2012 032 0.279754	31	3653 032
2012 033 0.304478	2012 033 0.283643	31	3407 033
2012 034 0.305884	2012 034 0.285677	31	2688 034
2012 035 0.304732	2012 035 0.288616	31	3002 035
2012 036 0.300776	2012 036 0.281636	31	3643 036
2012 037 0.297831	2012 037 0.281813	31	5111 037
2012 038 0.296321	2012 038 0.272446	31	3651 038
2012 039 0.299049	2012 039 0.275179	31	3002 039
2012 040 0.296901	2012 040 0.282065	31	2834 040
2012 041 0.303802	2012 041 0.294364	30	847 041
2012 042 0.309782	2012 042 0.290568	30	2045 042
2012 043 0.294283	2012 043 0.281500	30	2341 043
2012 044 0.285593	2012 044 0.283696	30	2894 044
2012 045 0.289385	2012 045 0.280070	30	3517 045
2012 046 0.284166	2012 046 0.274224	30	4478 046
2012 047 0.286747	2012 047 0.266092	30	3789 047
2012 048 0.292063	2012 048 0.277828	30	3281 048
2012 049 0.288177	2012 049 0.267960	30	4104 049
2012 050 0.290583	2012 050 0.270295	30	5474 050
2012 051 0.290240	2012 051 0.277602	30	3791 051
2012 052 0.291422	2012 052 0.281400	30	3279 052
2012 053 0.312109	2012 053 0.317024	30	1370 053
2012 054 0.300581	2012 054 0.286199	30	3282 054
2012 055 0.299656	2012 055 0.279425	31	3407 055
2012 056 0.301246	2012 056 0.274780	31	5107 056
2012 057 0.301515	2012 057 0.275971	31	3193 057
2012 058 0.296125	2012 058 0.273580	31	3367 058
2012 059 0.301917	2012 059 0.287412	31	2149 059
2012 060 0.298989	2012 060 0.280850	31	2296 060
2012 061 0.297659	2012 061 0.275482	31	4644 061
2012 062 0.296299	2012 062 0.275299	31	4645 062
2012 063 0.304641	2012 063 0.280314	31	2319 063
2012 064 0.312731	2012 064 0.304582	31	1954 064
2012 065 0.301826	2012 065 0.285347	31	2548 065
2012 066 0.308921	2012 066 0.294648	31	2427 066
2012 067 0.289637	2012 067 0.277778	31	3407 067
2012 068 0.304922	2012 068 0.290750	31	3394 068
2012 069 0.310905	2012 069 0.309417	31	2543 069
2012 070 0.311148	2012 070 0.304819	31	2422 070
2012 071 0.308225	2012 071 0.309490	31	2211 071
2012 072 0.306877	2012 072 0.293607	31	2316 072
2012 073 0.313484	2012 073 0.311123	31	1955 073
2012 074 0.318205	2012 074 0.314621	31	1694 074
2012 075 0.321784	2012 075 0.313087	31	1450 075
2012 076 0.327775	2012 076 0.334586	31	1535 076
2012 077 0.321665	2012 077 0.330544	31	1451 077
2012 078 0.334956	2012 078 0.326677	31	1588 078
2012 079 0.322899	2012 079 0.311960	31	2218 079
2012 080 0.331729	2012 080 0.319970	31	3004 080
2012 081 0.329425	2012 081 0.306277	31	2315 081
2012 082 0.324302	2012 082 0.310862	31	2672 082
2012 083 0.320212	2012 083 0.303252	31	2204 083
2012 084 0.326269	2012 084 0.312262	31	1538 084
2012 085 0.325474	2012 085 0.315087	31	1537 085
2012 086 0.325307	2012 086 0.316808	31	1576 086
2012 087 0.302482	2012 087 0.295363	31	2318 087
2012 088 0.317366	2012 088 0.314041	31	2034 088
2012 089 0.303039	2012 089 0.292611	31	2041 089
2012 090 0.324204	2012 090 0.308971	31	2681 090
2012 091 0.328493	2012 091 0.329215	31	1446 091
2012 092 0.324447	2012 092 0.316817	31	1540 092
2012 093 0.306894	2012 093 0.286114	31	3007 093
2012 094 0.312142	2012 094 0.305280	31	1244 094
2012 095 0.318705	2012 095 0.322877	31	2539 095
2012 096 0.312697	2012 096 0.310364	31	2318 096
2012 097 0.301052	2012 097 0.282889	31	2691 097
2012 098 0.297089	2012 098 0.277932	31	3006 098
2012 099 0.314933	2012 099 0.311901	31	2119 099
2012 100 0.334600	2012 100 0.346474	31	1691 100
2012 101 0.330511	2012 101 0.337439	31	1492 101
2012 102 0.324494	2012 102 0.334229	31	1537 102
2012 103 0.322446	2012 103 0.321677	31	1112 103
2012 104 0.313816	2012 104 0.315904	31	1888 104
2012 105 0.317976	2012 105 0.314244	31	1545 105
2012 106 0.320502	2012 106 0.316284	31	2319 106
2012 107 0.317189	2012 107 0.308909	31	2124 107
2012 108 0.329648	2012 108 0.318040	31	1451 108
2012 109 0.327068	2012 109 0.347258	31	1300 109
2012 110 0.327040	2012 110 0.333065	31	1542 110
2012 111 0.336191	2012 111 0.329123	31	1409 111
2012 112 0.338174	2012 112 0.329178	31	1491 112
2012 113 0.356693	2012 113 0.333415	31	1492 113
2012 114 0.350522	2012 114 0.332190	31	1814 114
2012 115 0.352657	2012 115 0.333592	31	1877 115
2012 116 0.349074	2012 116 0.341304	31	1974 116
2012 117 0.346008	2012 117 0.343997	31	1588 117
2012 118 0.331655	2012 118 0.312083	31	1841 118
2012 119 0.325481	2012 119 0.295512	31	3652 119
2012 120 0.337532	2012 120 0.307305	31	2043 120
2012 121 0.342971	2012 121 0.321107	31	2215 121
