2010 001 0.299324	2010 001 0.300313	29	1213 001
2010 002 0.303692	2010 002 0.322493	29	2779 002
2010 003 0.306403	2010 003 0.307687	29	1349 003
2010 004 0.302857	2010 004 0.323357	29	1351 004
2010 005 0.307966	2010 005 0.325488	29	799 005
2010 006 0.309358	2010 006 0.313914	29	1125 006
2010 007 0.309116	2010 007 0.303483	29	1154 007
2010 008 0.316773	2010 008 0.326538	29	3365 008
2010 009 0.312727	2010 009 0.318930	29	4291 009
2010 010 0.312039	2010 010 0.313719	29	2944 010
2010 011 0.309553	2010 011 0.314607	29	2948 011
2010 012 0.313647	2010 012 0.305658	29	7881 012
2010 013 0.305951	2010 013 0.307305	29	3376 013
2010 014 0.312554	2010 014 0.311965	29	4293 014
2010 015 0.311928	2010 015 0.303598	29	3639 015
2010 016 0.316524	2010 016 0.328104	29	3639 016
2010 017 0.323300	2010 017 0.317233	29	3377 017
2010 018 0.303381	2010 018 0.294621	29	5914 018
2010 019 0.320411	2010 019 0.319475	29	2248 019
2010 020 0.323725	2010 020 0.338153	29	1098 020
2010 021 0.325518	2010 021 0.340170	29	2485 021
2010 022 0.332522	2010 022 0.342113	29	2484 022
2010 023 0.330825	2010 023 0.362718	29	2247 023
2010 024 0.339169	2010 024 0.350652	29	4292 024
2010 025 0.330956	2010 025 0.348898	29	2777 025
2010 026 0.333987	2010 026 0.341061	29	3146 026
2010 027 0.335231	2010 027 0.342285	29	3144 027
2010 028 0.337077	2010 028 0.367457	29	2196 028
2010 029 0.317487	2010 029 0.333632	29	2240 029
2010 030 0.313122	2010 030 0.332660	29	2947 030
2010 031 0.319873	2010 031 0.317405	29	2778 031
2010 032 0.316634	2010 032 0.319498	29	3372 032
2010 033 0.314536	2010 033 0.323477	29	2362 033
2010 034 0.314239	2010 034 0.324438	29	2952 034
2010 035 0.315582	2010 035 0.332493	29	3340 035
2010 036 0.309601	2010 036 0.310386	29	2147 036
2010 037 0.320875	2010 037 0.335280	29	4291 037
2010 038 0.317715	2010 038 0.323185	29	3632 038
2010 039 0.322837	2010 039 0.335888	29	3371 039
2010 040 0.312607	2010 040 0.324646	29	2769 040
2010 041 0.314881	2010 041 0.323326	29	3943 041
2010 042 0.307748	2010 042 0.321236	29	2954 042
2010 043 0.309999	2010 043 0.317182	29	2621 043
2010 044 0.317607	2010 044 0.317723	29	3154 044
2010 045 0.316953	2010 045 0.318212	29	3379 045
2010 046 0.310399	2010 046 0.313524	29	3636 046
2010 047 0.326023	2010 047 0.316775	28	3020 047
2010 048 0.311039	2010 048 0.328575	28	4157 048
2010 049 0.307630	2010 049 0.298501	28	4171 049
2010 050 0.305751	2010 050 0.302288	28	5739 050
2010 051 0.302215	2010 051 0.296125	29	5907 051
2010 052 0.309759	2010 052 0.302836	29	4750 052
2010 053 0.305024	2010 053 0.298263	29	439 053
2010 054 0.301252	2010 054 0.310505	29	2532 054
2010 055 0.304588	2010 055 0.302540	28	4578 055
2010 056 0.308956	2010 056 0.310898	29	4295 056
2010 057 0.307383	2010 057 0.294184	29	5940 057
2010 058 0.307483	2010 058 0.305520	29	5269 058
2010 059 0.295907	2010 059 0.312092	29	4307 059
2010 060 0.311050	2010 060 0.315987	29	3153 060
2010 061 0.302698	2010 061 0.307781	29	4738 061
2010 062 0.301599	2010 062 0.312630	29	3132 062
2010 063 0.309784	2010 063 0.330741	29	2783 063
2010 064 0.305888	2010 064 0.327305	29	2633 064
2010 065 0.313548	2010 065 0.316192	29	4306 065
2010 066 0.315806	2010 066 0.319389	29	5259 066
2010 067 0.314624	2010 067 0.314650	29	3948 067
2010 068 0.311882	2010 068 0.319951	29	3646 068
2010 069 0.301574	2010 069 0.313202	29	3168 069
2010 070 0.300759	2010 070 0.309038	29	5943 070
2010 071 0.298522	2010 071 0.317399	29	3960 071
2010 072 0.286712	2010 072 0.306197	29	4315 072
2010 073 0.299057	2010 073 0.320731	29	4748 073
2010 074 0.320645	2010 074 0.325033	29	3381 074
2010 075 0.317474	2010 075 0.325029	29	2628 075
2010 076 0.319011	2010 076 0.331574	29	2779 076
2010 077 0.315331	2010 077 0.343884	29	3944 077
2010 078 0.296704	2010 078 0.303118	29	4755 078
2010 079 0.302773	2010 079 0.308035	29	5940 079
2010 080 0.298209	2010 080 0.313267	29	15833 080
2010 081 0.305852	2010 081 0.321643	29	3385 081
2010 082 0.297390	2010 082 0.310374	29	5285 082
2010 083 0.299151	2010 083 0.309799	28	6528 083
2010 084 0.297730	2010 084 0.314150	28	11421 084
2010 085 0.299830	2010 085 0.303258	28	4157 085
2010 086 0.304404	2010 086 0.304650	28	5084 086
2010 087 0.304594	2010 087 0.308910	28	3265 087
2010 088 0.307157	2010 088 0.318984	28	2534 088
2010 089 0.308420	2010 089 0.323722	28	3504 089
2010 090 0.290084	2010 090 0.302284	28	4134 090
2010 091 0.283924	2010 091 0.287099	28	7637 091
2010 092 0.286675	2010 092 0.285963	28	5682 092
2010 093 0.292908	2010 093 0.292065	28	3526 093
2010 094 0.287235	2010 094 0.287196	28	6554 094
2010 095 0.298455	2010 095 0.300670	28	4579 095
2010 096 0.277109	2010 096 0.285136	28	3787 096
2010 097 0.286501	2010 097 0.296475	28	3491 097
2010 098 0.281800	2010 098 0.313254	28	4583 098
2010 099 0.284522	2010 099 0.290327	28	4588 099
2010 100 0.289150	2010 100 0.310737	28	3525 100
2010 101 0.298542	2010 101 0.319215	28	2685 101
2010 102 0.300898	2010 102 0.343281	28	2394 102
2010 103 0.283106	2010 103 0.304756	29	4759 103
2010 104 0.286136	2010 104 0.301352	29	5941 104
2010 105 0.303000	2010 105 0.315585	29	3653 105
2010 106 0.310775	2010 106 0.323518	29	2630 106
2010 107 0.322930	2010 107 0.336871	29	2956 107
2010 108 0.330450	2010 108 0.339944	29	2781 108
2010 109 0.340870	2010 109 0.340534	29	3363 109
2010 110 0.346871	2010 110 0.348680	29	1478 110
2010 111 0.359864	2010 111 0.373227	29	2332 111
2010 112 0.336162	2010 112 0.363538	29	1464 112
2010 113 0.323463	2010 113 0.335392	29	1438 113
2010 114 0.330417	2010 114 0.352402	29	2635 114
2010 115 0.313280	2010 115 0.328556	29	5949 115
2010 116 0.320169	2010 116 0.342598	29	3968 116
2010 117 0.327238	2010 117 0.355056	29	2606 117
2010 118 0.314608	2010 118 0.322758	29	5939 118
2010 119 0.300855	2010 119 0.299513	29	6769 119
2010 120 0.301816	2010 120 0.317628	29	4776 120
2010 121 0.310348	2010 121 0.327925	29	4769 121
2010 122 0.308831	2010 122 0.318246	29	4337 122
2010 123 0.317609	2010 123 0.336145	29	3931 123
2010 124 0.304216	2010 124 0.325475	29	5901 124
2010 125 0.302688	2010 125 0.308143	29	4775 125
2010 126 0.290703	2010 126 0.297098	29	7963 126
2010 127 0.296842	2010 127 0.309061	29	4726 127
2010 128 0.308475	2010 128 0.337423	29	3666 128
2010 129 0.321021	2010 129 0.336155	29	2795 129
2010 130 0.319728	2010 130 0.352368	29	2504 130
2010 131 0.319527	2010 131 0.332201	29	3158 131
2010 132 0.311324	2010 132 0.315965	29	4295 132
2010 133 0.318529	2010 133 0.339640	29	3175 133
2010 134 0.339547	2010 134 0.363506	29	3087 134
2010 135 0.349221	2010 135 0.362887	29	2787 135
2010 136 0.341088	2010 136 0.365845	29	3161 136
2010 137 0.344234	2010 137 0.369483	29	3159 137
2010 138 0.328763	2010 138 0.363760	29	2627 138
2010 139 0.337694	2010 139 0.358814	29	2147 139
2010 140 0.332152	2010 140 0.364592	29	2493 140
2010 141 0.322767	2010 141 0.350026	29	2493 141
2010 142 0.311536	2010 142 0.336210	29	4324 142
2010 143 0.310450	2010 143 0.319349	29	3975 143
2010 144 0.312996	2010 144 0.337625	29	3664 144
2010 145 0.320189	2010 145 0.347963	29	2263 145
2010 146 0.324880	2010 146 0.344291	29	2491 146
2010 147 0.329894	2010 147 0.358024	29	2058 147
2010 148 0.318630	2010 148 0.352141	29	2490 148
2010 149 0.317271	2010 149 0.346090	29	2959 149
2010 150 0.318962	2010 150 0.355084	29	2364 150
2010 151 0.333834	2010 151 0.354096	29	2490 151
2010 152 0.342022	2010 152 0.369340	29	2627 152
2010 153 0.343204	2010 153 0.363562	29	2782 153
2010 154 0.349251	2010 154 0.371191	29	2956 154
2010 155 0.342212	2010 155 0.365088	29	2053 155
2010 156 0.351406	2010 156 0.360718	29	3637 156
2010 157 0.356293	2010 157 0.371186	29	2057 157
2010 158 0.358272	2010 158 0.378583	29	3629 158
2010 159 0.348087	2010 159 0.369066	29	2625 159
2010 160 0.354597	2010 160 0.380202	29	2054 160
2010 161 0.346547	2010 161 0.377634	29	2146 161
2010 162 0.346157	2010 162 0.366782	29	1894 162
2010 163 0.338233	2010 163 0.338131	29	2058 163
2010 164 0.359276	2010 164 0.378651	29	2488 164
2010 165 0.373785	2010 165 0.387460	29	2487 165
2010 166 0.355854	2010 166 0.385971	29	2627 166
2010 167 0.360083	2010 167 0.379873	29	2147 167
2010 168 0.356483	2010 168 0.367602	29	2058 168
2010 169 0.350840	2010 169 0.364641	29	2365 169
2010 170 0.358945	2010 170 0.377088	29	2954 170
2010 171 0.357045	2010 171 0.374576	29	1815 171
2010 172 0.355285	2010 172 0.377968	29	1968 172
2010 173 0.354249	2010 173 0.388278	29	2249 173
2010 174 0.360674	2010 174 0.387680	29	1629 174
2010 175 0.368984	2010 175 0.376255	29	2432 175
2010 176 0.356963	2010 176 0.382096	29	2363 176
2010 177 0.354419	2010 177 0.385168	29	1966 177
2010 178 0.357590	2010 178 0.390479	29	1475 178
2010 179 0.363468	2010 179 0.371297	29	1964 179
2010 180 0.356871	2010 180 0.389153	29	2621 180
2010 181 0.352631	2010 181 0.378433	29	2358 181
2010 182 0.349567	2010 182 0.373776	29	1685 182
2010 183 0.347291	2010 183 0.371730	29	1347 183
2010 184 0.339613	2010 184 0.370842	29	2050 184
2010 185 0.336639	2010 185 0.383877	29	1387 185
2010 186 0.346130	2010 186 0.362093	29	2146 186
2010 187 0.333123	2010 187 0.366255	29	1626 187
2010 188 0.334665	2010 188 0.363985	29	960 188
2010 189 0.337172	2010 189 0.372737	29	1964 189
2010 190 0.349654	2010 190 0.372337	29	2620 190
2010 191 0.353019	2010 191 0.376608	29	1814 191
2010 192 0.348888	2010 192 0.370275	29	2144 192
2010 193 0.340205	2010 193 0.351981	30	1307 193
2010 194 0.337010	2010 194 0.337950	30	1515 194
2010 195 0.324915	2010 195 0.340533	30	1387 195
2010 196 0.341047	2010 196 0.352660	30	1386 196
2010 197 0.346450	2010 197 0.343149	30	1275 197
2010 198 0.344785	2010 198 0.335233	30	1210 198
2010 199 0.341430	2010 199 0.351112	30	1211 199
2010 200 0.334128	2010 200 0.339940	30	1126 200
2010 201 0.334580	2010 201 0.338570	30	1153 201
2010 202 0.346535	2010 202 0.353115	30	1052 202
2010 203 0.335353	2010 203 0.331906	30	1211 203
2010 204 0.337542	2010 204 0.342993	30	1242 204
2010 205 0.340520	2010 205 0.360411	30	1210 205
2010 206 0.343254	2010 206 0.338475	30	1382 206
2010 207 0.338035	2010 207 0.341083	30	1210 207
2010 208 0.335645	2010 208 0.336005	30	1050 208
2010 209 0.337019	2010 209 0.343455	30	1465 209
2010 210 0.348788	2010 210 0.351209	30	1049 210
2010 211 0.347227	2010 211 0.351205	30	1306 211
2010 212 0.337563	2010 212 0.364366	30	1178 212
2010 213 0.341369	2010 213 0.347434	30	1379 213
2010 214 0.333755	2010 214 0.342579	30	1381 214
2010 215 0.336485	2010 215 0.347594	30	1057 215
2010 216 0.335093	2010 216 0.353564	30	1026 216
2010 217 0.335803	2010 217 0.343851	30	443 217
2010 218 0.334803	2010 218 0.336775	30	1178 218
2010 219 0.336724	2010 219 0.349313	30	1050 219
2010 220 0.336625	2010 220 0.344886	30	1073 220
2010 221 0.328229	2010 221 0.345429	30	1271 221
2010 222 0.336568	2010 222 0.352063	30	1237 222
2010 223 0.336988	2010 223 0.346957	30	1149 223
2010 224 0.333789	2010 224 0.338257	30	1177 224
2010 225 0.329360	2010 225 0.341614	30	1073 225
2010 226 0.321748	2010 226 0.338433	30	964 226
2010 227 0.333381	2010 227 0.328191	30	1005 227
2010 228 0.333064	2010 228 0.345995	30	1096 228
2010 229 0.337899	2010 229 0.360856	30	1304 229
2010 230 0.338848	2010 230 0.344436	30	892 230
2010 231 0.331548	2010 231 0.345653	30	1002 231
2010 232 0.337550	2010 232 0.352989	30	1026 232
2010 233 0.337716	2010 233 0.335289	30	927 233
2010 234 0.330495	2010 234 0.342725	30	1027 234
2010 235 0.326286	2010 235 0.328400	30	1097 235
2010 236 0.338818	2010 236 0.349514	30	963 236
2010 237 0.341979	2010 237 0.344642	30	1096 237
2010 238 0.340155	2010 238 0.334891	30	1166 238
2010 239 0.337334	2010 239 0.350136	31	1062 239
2010 240 0.334273	2010 240 0.336371	31	1042 240
2010 241 0.332898	2010 241 0.329098	31	1282 241
2010 242 0.327676	2010 242 0.336923	31	999 242
2010 243 0.329981	2010 243 0.336233	31	1250 243
2010 244 0.334371	2010 244 0.330829	31	1429 244
2010 245 0.336976	2010 245 0.337725	31	1086 245
2010 246 0.344503	2010 246 0.345364	31	770 246
2010 247 0.344776	2010 247 0.336687	31	1163 247
2010 248 0.338343	2010 248 0.345203	31	1138 248
2010 249 0.328314	2010 249 0.314994	31	1324 249
2010 250 0.332828	2010 250 0.335198	31	1023 250
2010 251 0.330473	2010 251 0.331354	31	1474 251
2010 252 0.331029	2010 252 0.340299	31	962 252
2010 253 0.330687	2010 253 0.335431	31	835 253
2010 254 0.338524	2010 254 0.330090	31	1671 254
2010 255 0.344507	2010 255 0.329136	31	1355 255
2010 256 0.347396	2010 256 0.354926	31	1355 256
2010 257 0.345864	2010 257 0.339856	31	1568 257
2010 258 0.344595	2010 258 0.331905	31	1476 258
2010 259 0.348074	2010 259 0.350928	31	911 259
2010 260 0.347724	2010 260 0.342899	31	1166 260
2010 261 0.348699	2010 261 0.332755	31	1319 261
2010 262 0.347973	2010 262 0.333513	31	1617 262
2010 263 0.344055	2010 263 0.335425	31	1357 263
2010 264 0.341421	2010 264 0.320587	31	1118 264
2010 265 0.343516	2010 265 0.326909	31	823 265
2010 266 0.342057	2010 266 0.333516	31	1498 266
2010 267 0.346995	2010 267 0.332951	31	1477 267
2010 268 0.348141	2010 268 0.336080	31	1394 268
2010 269 0.352654	2010 269 0.328311	31	1568 269
2010 270 0.352502	2010 270 0.347665	31	1246 270
2010 271 0.357442	2010 271 0.335684	31	1096 271
2010 272 0.358434	2010 272 0.341894	31	1394 272
2010 273 0.350981	2010 273 0.334925	31	741 273
2010 274 0.353520	2010 274 0.342626	31	1125 274
2010 275 0.358360	2010 275 0.351339	31	1673 275
2010 276 0.355383	2010 276 0.336958	31	1476 276
2010 277 0.344351	2010 277 0.328896	31	1256 277
2010 278 0.337087	2010 278 0.332978	31	1392 278
2010 279 0.347397	2010 279 0.336900	31	1166 279
2010 280 0.345741	2010 280 0.327939	31	1393 280
2010 281 0.338707	2010 281 0.338249	31	1357 281
2010 282 0.339716	2010 282 0.333902	31	1794 282
2010 283 0.345402	2010 283 0.336669	31	1523 283
2010 284 0.341293	2010 284 0.331381	31	1933 284
2010 285 0.332069	2010 285 0.330410	31	1484 285
2010 286 0.346791	2010 286 0.335437	31	1675 286
2010 287 0.343390	2010 287 0.343377	31	1372 287
2010 288 0.349028	2010 288 0.336034	31	1325 288
2010 289 0.347820	2010 289 0.331799	31	1481 289
2010 290 0.347006	2010 290 0.324346	31	1736 290
2010 291 0.344795	2010 291 0.331778	31	1324 291
2010 292 0.345739	2010 292 0.334381	31	1327 292
2010 293 0.350942	2010 293 0.353564	31	1440 293
2010 294 0.349237	2010 294 0.332664	31	1440 294
2010 295 0.346850	2010 295 0.334786	31	1200 295
2010 296 0.344838	2010 296 0.334069	31	1327 296
2010 297 0.324185	2010 297 0.346182	31	1325 297
2010 298 0.326546	2010 298 0.298967	31	1809 298
2010 299 0.320487	2010 299 0.283837	31	3388 299
2010 300 0.320467	2010 300 0.292034	31	2307 300
2010 301 0.317633	2010 301 0.295600	31	2670 301
2010 302 0.326753	2010 302 0.306997	31	1580 302
2010 303 0.341496	2010 303 0.318673	31	1293 303
2010 304 0.333383	2010 304 0.324830	31	967 304
2010 305 0.318714	2010 305 0.304145	30	1750 305
2010 306 0.332983	2010 306 0.325684	31	1401 306
2010 307 0.349057	2010 307 0.334632	31	1574 307
2010 308 0.342339	2010 308 0.328643	31	1073 308
2010 309 0.347923	2010 309 0.343997	31	1200 309
2010 310 0.338936	2010 310 0.338287	31	1738 310
2010 311 0.335177	2010 311 0.317843	31	1073 311
2010 312 0.329201	2010 312 0.317326	31	1487 312
2010 313 0.326290	2010 313 0.303085	31	1756 313
2010 314 0.322194	2010 314 0.303067	31	2124 314
2010 315 0.325604	2010 315 0.301202	31	2314 315
2010 316 0.319591	2010 316 0.296735	31	1640 316
2010 317 0.320551	2010 317 0.283951	31	2681 317
2010 318 0.318913	2010 318 0.298827	31	2209 318
2010 319 0.314494	2010 319 0.313091	31	1448 319
2010 320 0.312958	2010 320 0.297843	31	1988 320
2010 321 0.304478	2010 321 0.285873	31	2996 321
2010 322 0.312681	2010 322 0.298887	31	1752 322
2010 323 0.312185	2010 323 0.298456	31	2799 323
2010 324 0.312618	2010 324 0.310521	31	2122 324
2010 325 0.301386	2010 325 0.280872	31	3926 325
2010 326 0.306758	2010 326 0.283271	31	2836 326
2010 327 0.307446	2010 327 0.282132	31	2432 327
2010 328 0.316962	2010 328 0.282656	31	3194 328
