2009 001 0.295223	2009 001 0.303139	30	4442 001
2009 002 0.305522	2009 002 0.306788	30	3747 002
2009 003 0.294647	2009 003 0.293384	30	6116 003
2009 004 0.291875	2009 004 0.294246	30	6994 004
2009 005 0.295341	2009 005 0.308271	30	8159 005
2009 006 0.297929	2009 006 0.296658	30	5430 006
2009 007 0.302096	2009 007 0.349659	30	3237 007
2009 008 0.313678	2009 008 0.320211	30	4058 008
2009 009 0.292858	2009 009 0.305931	30	4436 009
2009 010 0.291112	2009 010 0.303435	30	4440 010
2009 011 0.296903	2009 011 0.315634	30	3248 011
2009 012 0.298973	2009 012 0.318157	30	8122 012
2009 013 0.296662	2009 013 0.328048	30	3247 013
2009 014 0.303856	2009 014 0.326675	30	4057 014
2009 015 0.308411	2009 015 0.319710	30	3479 015
2009 016 0.312337	2009 016 0.349413	30	2426 016
2009 017 0.312293	2009 017 0.353474	30	2696 017
2009 018 0.314778	2009 018 0.333622	30	1941 018
2009 019 0.314764	2009 019 0.344563	30	3232 019
2009 020 0.324530	2009 020 0.361130	30	3234 020
2009 021 0.312713	2009 021 0.353670	30	1733 021
2009 022 0.311545	2009 022 0.310568	30	2708 022
2009 023 0.308441	2009 023 0.314601	30	2706 023
2009 024 0.304323	2009 024 0.311808	30	5416 024
2009 025 0.297745	2009 025 0.300395	30	4439 025
2009 026 0.311221	2009 026 0.306697	30	6113 026
2009 027 0.311396	2009 027 0.303966	30	4445 027
2009 028 0.294284	2009 028 0.303931	30	16285 028
2009 029 0.302088	2009 029 0.318426	30	4879 029
2009 030 0.301281	2009 030 0.320459	30	3041 030
2009 031 0.301509	2009 031 0.302221	30	4434 031
2009 032 0.303279	2009 032 0.310687	30	6095 032
2009 033 0.306176	2009 033 0.313022	30	3044 033
2009 034 0.320137	2009 034 0.341944	30	2022 034
2009 035 0.310941	2009 035 0.326012	30	3242 035
2009 036 0.302710	2009 036 0.307558	30	3744 036
2009 037 0.303540	2009 037 0.316782	30	4427 037
2009 038 0.292848	2009 038 0.301502	30	4058 038
2009 039 0.302972	2009 039 0.311710	30	3476 039
2009 040 0.299860	2009 040 0.306218	30	4428 040
2009 041 0.288131	2009 041 0.291145	30	8124 041
2009 042 0.279086	2009 042 0.291651	30	16247 042
2009 043 0.278025	2009 043 0.288789	30	9516 043
2009 044 0.273906	2009 044 0.288340	30	24383 044
2009 045 0.278050	2009 045 0.285178	30	6098 045
2009 046 0.279050	2009 046 0.285052	30	9756 046
2009 047 0.283978	2009 047 0.284038	30	4431 047
2009 048 0.283717	2009 048 0.291670	30	5393 048
2009 049 0.287901	2009 049 0.306066	30	6082 049
2009 050 0.288361	2009 050 0.298847	30	4865 050
2009 051 0.289404	2009 051 0.291096	30	6955 051
2009 052 0.294439	2009 052 0.302119	30	5400 052
2009 053 0.286278	2009 053 0.303956	30	4053 053
2009 054 0.294558	2009 054 0.309093	30	878 054
2009 055 0.308729	2009 055 0.321564	30	2996 055
2009 056 0.298679	2009 056 0.319124	30	4415 056
2009 057 0.293752	2009 057 0.307266	30	4865 057
2009 058 0.291126	2009 058 0.299962	30	5405 058
2009 059 0.294582	2009 059 0.314448	30	6960 059
2009 060 0.295067	2009 060 0.318756	30	6072 060
2009 061 0.315339	2009 061 0.338011	30	4406 061
2009 062 0.305662	2009 062 0.330302	30	4399 062
2009 063 0.306512	2009 063 0.312456	30	3043 063
2009 064 0.299620	2009 064 0.303255	30	4878 064
2009 065 0.303632	2009 065 0.309479	30	4822 065
2009 066 0.303404	2009 066 0.306776	30	6105 066
2009 067 0.301201	2009 067 0.308448	30	3489 067
2009 068 0.301624	2009 068 0.306421	30	3490 068
2009 069 0.307997	2009 069 0.297481	30	3759 069
2009 070 0.300375	2009 070 0.312725	30	2444 070
2009 071 0.306753	2009 071 0.314098	30	4441 071
2009 072 0.311097	2009 072 0.340712	30	4064 072
2009 073 0.301187	2009 073 0.301937	30	6105 073
2009 074 0.293431	2009 074 0.300495	30	4070 074
2009 075 0.314119	2009 075 0.323173	30	2566 075
2009 076 0.325337	2009 076 0.346371	30	3241 076
2009 077 0.317308	2009 077 0.336058	30	4869 077
2009 078 0.317183	2009 078 0.343238	30	5407 078
2009 079 0.323050	2009 079 0.351529	30	4411 079
2009 080 0.333418	2009 080 0.353185	30	4047 080
2009 081 0.318698	2009 081 0.338717	30	3474 081
2009 082 0.306944	2009 082 0.317774	30	3256 082
2009 083 0.303700	2009 083 0.306900	30	3491 083
2009 084 0.299935	2009 084 0.298102	30	3764 084
2009 085 0.297536	2009 085 0.299367	30	4449 085
2009 086 0.300202	2009 086 0.296298	29	4736 086
2009 087 0.304091	2009 087 0.311440	29	3375 087
2009 088 0.290032	2009 088 0.299048	29	3927 088
2009 089 0.277794	2009 089 0.288969	29	4309 089
2009 090 0.276983	2009 090 0.283028	29	5259 090
2009 091 0.283327	2009 091 0.286029	29	3382 091
2009 092 0.281813	2009 092 0.282021	29	4735 092
2009 093 0.272988	2009 093 0.286086	29	5913 093
2009 094 0.263252	2009 094 0.276982	29	9477 094
2009 095 0.267417	2009 095 0.285969	29	5923 095
2009 096 0.279321	2009 096 0.288244	29	9449 096
2009 097 0.288816	2009 097 0.304907	29	5238 097
2009 098 0.290186	2009 098 0.323714	29	5221 098
2009 099 0.288624	2009 099 0.297728	29	4290 099
2009 100 0.292354	2009 100 0.316519	29	3934 100
2009 101 0.303080	2009 101 0.309748	29	5236 101
2009 102 0.294781	2009 102 0.306599	29	6736 102
2009 103 0.307857	2009 103 0.320672	29	5876 103
2009 104 0.295394	2009 104 0.304763	29	2952 104
2009 105 0.276132	2009 105 0.276677	29	4744 105
2009 106 0.296490	2009 106 0.296705	29	3951 106
2009 107 0.312134	2009 107 0.317629	29	2481 107
2009 108 0.296688	2009 108 0.312415	29	3142 108
2009 109 0.314074	2009 109 0.333689	29	3617 109
2009 110 0.325138	2009 110 0.330743	29	2135 110
2009 111 0.328855	2009 111 0.349163	29	2609 111
2009 112 0.330918	2009 112 0.341035	29	3132 112
2009 113 0.323164	2009 113 0.357737	29	2937 113
2009 114 0.298091	2009 114 0.304595	29	3635 114
2009 115 0.309726	2009 115 0.313603	29	2485 115
2009 116 0.288108	2009 116 0.316734	29	4302 116
2009 117 0.285809	2009 117 0.298616	29	3638 117
2009 118 0.296310	2009 118 0.315326	29	2146 118
2009 119 0.299246	2009 119 0.302704	29	3946 119
2009 120 0.297627	2009 120 0.310909	29	3348 120
2009 121 0.311904	2009 121 0.316938	29	1276 121
2009 122 0.314951	2009 122 0.326287	29	2619 122
2009 123 0.320505	2009 123 0.332519	29	2473 123
2009 124 0.313856	2009 124 0.320648	29	3146 124
2009 125 0.316198	2009 125 0.332930	29	1959 125
2009 126 0.311409	2009 126 0.342123	29	2613 126
2009 127 0.313719	2009 127 0.341392	29	2766 127
2009 128 0.301262	2009 128 0.314689	29	3635 128
2009 129 0.314617	2009 129 0.332300	29	3147 129
2009 130 0.315571	2009 130 0.345843	29	3622 130
2009 131 0.328835	2009 131 0.363920	29	3361 131
2009 132 0.319184	2009 132 0.350860	28	3017 132
2009 133 0.301953	2009 133 0.321992	29	4305 133
2009 134 0.310160	2009 134 0.334594	29	1968 134
2009 135 0.320794	2009 135 0.349029	29	4714 135
2009 136 0.326497	2009 136 0.351877	29	3619 136
2009 137 0.331473	2009 137 0.363674	29	3359 137
2009 138 0.329990	2009 138 0.360403	29	1206 138
2009 139 0.332507	2009 139 0.363328	29	1937 139
2009 140 0.338163	2009 140 0.366503	29	380 140
2009 141 0.338861	2009 141 0.371639	29	368 141
2009 142 0.339144	2009 142 0.357118	29	380 142
2009 143 0.342005	2009 143 0.349927	29	396 143
2009 144 0.343783	2009 144 0.374859	29	368 144
2009 145 0.341723	2009 145 0.368446	29	1205 145
2009 146 0.351950	2009 146 0.360984	29	1208 146
2009 147 0.355423	2009 147 0.368524	29	390 147
2009 148 0.353205	2009 148 0.369857	29	421 148
2009 149 0.366400	2009 149 0.383080	29	444 149
2009 150 0.353727	2009 150 0.377037	29	406 150
2009 151 0.349703	2009 151 0.375447	29	1624 151
2009 152 0.345886	2009 152 0.357740	29	1681 152
2009 153 0.332974	2009 153 0.359888	29	1176 153
2009 154 0.346995	2009 154 0.375592	29	1741 154
2009 155 0.345478	2009 155 0.373935	29	402 155
2009 156 0.336655	2009 156 0.368639	29	1425 156
2009 157 0.331870	2009 157 0.360928	29	398 157
2009 158 0.327447	2009 158 0.371261	29	2617 158
2009 159 0.337987	2009 159 0.371900	29	2610 159
2009 160 0.345763	2009 160 0.395350	29	3137 160
2009 161 0.344229	2009 161 0.381698	29	1068 161
2009 162 0.342575	2009 162 0.369614	29	427 162
2009 163 0.346016	2009 163 0.369492	29	2937 163
2009 164 0.342549	2009 164 0.361881	29	398 164
2009 165 0.347566	2009 165 0.373641	29	2235 165
2009 166 0.340867	2009 166 0.365102	29	1514 166
2009 167 0.339079	2009 167 0.371740	29	3354 167
2009 168 0.348147	2009 168 0.380856	29	723 168
2009 169 0.337792	2009 169 0.364584	29	3132 169
2009 170 0.343420	2009 170 0.379253	29	2610 170
2009 171 0.337174	2009 171 0.374231	29	423 171
2009 172 0.332802	2009 172 0.363432	29	1877 172
2009 173 0.327435	2009 173 0.380604	29	2233 173
2009 174 0.341263	2009 174 0.368087	29	3913 174
2009 175 0.352198	2009 175 0.386125	29	999 175
2009 176 0.343414	2009 176 0.366802	29	451 176
2009 177 0.341590	2009 177 0.370575	29	1273 177
2009 178 0.338269	2009 178 0.370347	28	4123 178
2009 179 0.349115	2009 179 0.374221	28	453 179
2009 180 0.337623	2009 180 0.373426	28	419 180
2009 181 0.342840	2009 181 0.377458	28	2831 181
2009 182 0.335913	2009 182 0.374390	29	3252 182
2009 183 0.340098	2009 183 0.357227	29	438 183
2009 184 0.333787	2009 184 0.374748	29	422 184
2009 185 0.335968	2009 185 0.362091	29	2927 185
2009 186 0.337964	2009 186 0.373414	29	3903 186
2009 187 0.339170	2009 187 0.352807	29	418 187
2009 188 0.337071	2009 188 0.356951	29	442 188
2009 189 0.334745	2009 189 0.367485	29	2926 189
2009 190 0.335757	2009 190 0.363437	29	418 190
2009 191 0.338886	2009 191 0.369090	29	418 191
2009 192 0.340281	2009 192 0.364409	29	835 192
2009 193 0.339920	2009 193 0.366387	29	3116 193
2009 194 0.338883	2009 194 0.365600	29	414 194
2009 195 0.329024	2009 195 0.358106	29	421 195
2009 196 0.338092	2009 196 0.373225	29	410 196
2009 197 0.336100	2009 197 0.357890	29	472 197
2009 198 0.337893	2009 198 0.370898	29	1262 198
2009 199 0.345993	2009 199 0.372428	29	453 199
2009 200 0.335388	2009 200 0.361776	29	549 200
2009 201 0.329495	2009 201 0.366619	29	481 201
2009 202 0.340396	2009 202 0.372700	29	417 202
2009 203 0.339828	2009 203 0.367277	29	1059 203
2009 204 0.345302	2009 204 0.374886	29	530 204
2009 205 0.332714	2009 205 0.367169	29	595 205
2009 206 0.330709	2009 206 0.348993	28	414 206
2009 207 0.343363	2009 207 0.373009	28	1100 207
2009 208 0.333521	2009 208 0.364285	29	777 208
2009 209 0.323818	2009 209 0.350145	29	382 209
2009 210 0.330219	2009 210 0.345057	29	453 210
2009 211 0.343279	2009 211 0.354127	29	384 211
2009 212 0.330871	2009 212 0.355296	29	665 212
2009 213 0.336102	2009 213 0.354458	29	789 213
2009 214 0.338076	2009 214 0.352275	29	461 214
2009 215 0.339814	2009 215 0.369360	29	388 215
2009 216 0.337112	2009 216 0.363404	29	388 216
2009 217 0.329826	2009 217 0.359667	29	374 217
2009 218 0.330568	2009 218 0.357698	29	969 218
2009 219 0.318596	2009 219 0.353025	29	363 219
2009 220 0.322859	2009 220 0.363311	29	400 220
2009 221 0.325659	2009 221 0.357324	29	397 221
2009 222 0.335698	2009 222 0.359996	29	494 222
2009 223 0.329617	2009 223 0.364564	29	459 223
2009 224 0.331391	2009 224 0.366977	29	384 224
2009 225 0.333863	2009 225 0.376032	29	429 225
2009 226 0.331873	2009 226 0.356929	29	397 226
2009 227 0.314778	2009 227 0.337798	29	438 227
2009 228 0.323835	2009 228 0.361808	29	2582 228
2009 229 0.322407	2009 229 0.354855	29	1601 229
2009 230 0.328994	2009 230 0.355558	29	442 230
2009 231 0.329213	2009 231 0.352670	29	464 231
2009 232 0.340073	2009 232 0.350000	29	2442 232
2009 233 0.341929	2009 233 0.358903	28	2985 233
2009 234 0.341062	2009 234 0.365844	28	1658 234
2009 235 0.337538	2009 235 0.359721	28	2799 235
2009 236 0.330962	2009 236 0.358072	28	2352 236
2009 237 0.347975	2009 237 0.385146	28	2032 237
2009 238 0.334669	2009 238 0.372301	28	2984 238
2009 239 0.341813	2009 239 0.371095	28	2631 239
2009 240 0.343161	2009 240 0.360553	29	2313 240
2009 241 0.346385	2009 241 0.366575	29	2584 241
2009 242 0.331874	2009 242 0.352528	29	2213 242
2009 243 0.323394	2009 243 0.353291	29	2326 243
2009 244 0.330405	2009 244 0.371191	29	2214 244
2009 245 0.337937	2009 245 0.371257	29	2021 245
2009 246 0.341238	2009 246 0.352907	29	2323 246
2009 247 0.350854	2009 247 0.353728	29	2732 247
2009 248 0.332061	2009 248 0.357217	29	2445 248
2009 249 0.329160	2009 249 0.352417	29	2031 249
2009 250 0.331172	2009 250 0.350174	29	1936 250
2009 251 0.328460	2009 251 0.350235	29	2735 251
2009 252 0.333173	2009 252 0.365081	29	2324 252
2009 253 0.340328	2009 253 0.358388	29	3100 253
2009 254 0.335556	2009 254 0.355004	29	3316 254
2009 255 0.337321	2009 255 0.358758	29	2905 255
2009 256 0.333948	2009 256 0.356017	30	3874 256
2009 257 0.335011	2009 257 0.358406	29	3578 257
2009 258 0.330315	2009 258 0.349651	29	2582 258
2009 259 0.340872	2009 259 0.367729	29	1936 259
2009 260 0.355552	2009 260 0.374553	29	1936 260
2009 261 0.347108	2009 261 0.363058	29	2445 261
2009 262 0.353985	2009 262 0.369354	29	4649 262
2009 263 0.333392	2009 263 0.360629	29	3577 263
2009 264 0.324857	2009 264 0.338917	29	2744 264
2009 265 0.340972	2009 265 0.357618	29	1934 265
2009 266 0.345820	2009 266 0.358960	29	2560 266
2009 267 0.346298	2009 267 0.359239	29	1292 267
2009 268 0.339848	2009 268 0.350662	29	3063 268
2009 269 0.345993	2009 269 0.353872	29	2583 269
2009 270 0.339036	2009 270 0.367618	29	2732 270
2009 271 0.346217	2009 271 0.357387	29	3573 271
2009 272 0.336318	2009 272 0.347326	29	2718 272
2009 273 0.320224	2009 273 0.322594	29	2452 273
2009 274 0.306585	2009 274 0.309297	29	4259 274
2009 275 0.310185	2009 275 0.316061	29	3336 275
2009 276 0.322044	2009 276 0.345949	29	2120 276
2009 277 0.312711	2009 277 0.329371	29	2456 277
2009 278 0.308207	2009 278 0.313905	29	4260 278
2009 279 0.311662	2009 279 0.316774	29	468 279
2009 280 0.316760	2009 280 0.324189	29	1461 280
2009 281 0.318768	2009 281 0.329796	29	544 281
2009 282 0.314282	2009 282 0.306451	29	4684 282
2009 283 0.311131	2009 283 0.324478	29	4685 283
2009 284 0.306392	2009 284 0.307931	29	3612 284
2009 285 0.315829	2009 285 0.329381	29	4263 285
2009 286 0.327831	2009 286 0.345491	29	2450 286
2009 287 0.322860	2009 287 0.351579	29	1788 287
2009 288 0.335084	2009 288 0.350352	28	1957 288
2009 289 0.337540	2009 289 0.353111	28	2646 289
2009 290 0.339244	2009 290 0.352005	28	1663 290
2009 291 0.337895	2009 291 0.345962	28	2365 291
2009 292 0.342770	2009 292 0.360466	28	1665 292
2009 293 0.324809	2009 293 0.341977	28	2505 293
2009 294 0.328873	2009 294 0.356179	28	3472 294
2009 295 0.336246	2009 295 0.345930	28	2812 295
2009 296 0.340511	2009 296 0.354089	28	2505 296
2009 297 0.330582	2009 297 0.351521	28	2036 297
2009 298 0.326575	2009 298 0.317688	28	4501 298
2009 299 0.325096	2009 299 0.315257	28	4057 299
2009 300 0.314104	2009 300 0.308523	28	3486 300
2009 301 0.308859	2009 301 0.324332	28	5672 301
2009 302 0.309934	2009 302 0.307969	28	5034 302
2009 303 0.315030	2009 303 0.324418	28	3011 303
2009 304 0.333130	2009 304 0.339477	28	2045 304
2009 305 0.339506	2009 305 0.361764	28	3462 305
2009 306 0.329982	2009 306 0.329983	28	2247 306
2009 307 0.340037	2009 307 0.338456	28	2366 307
2009 308 0.338561	2009 308 0.344494	28	1962 308
2009 309 0.332263	2009 309 0.350588	28	2811 309
2009 310 0.334472	2009 310 0.345804	28	2505 310
2009 311 0.331782	2009 311 0.334629	28	2829 311
2009 312 0.332312	2009 312 0.331925	28	3784 312
2009 313 0.321451	2009 313 0.311415	28	3492 313
2009 314 0.328520	2009 314 0.356298	28	3241 314
2009 315 0.323450	2009 315 0.322452	28	395 315
2009 316 0.326967	2009 316 0.336864	28	3234 316
2009 317 0.305198	2009 317 0.310713	28	4930 317
2009 318 0.299330	2009 318 0.320844	28	3509 318
2009 319 0.293625	2009 319 0.300831	28	6516 319
2009 320 0.300295	2009 320 0.301753	28	2281 320
2009 321 0.294932	2009 321 0.320371	28	4135 321
2009 322 0.308538	2009 322 0.320883	28	872 322
2009 323 0.298405	2009 323 0.310414	28	5062 323
2009 324 0.296486	2009 324 0.317613	28	523 324
2009 325 0.303082	2009 325 0.299689	29	6722 325
2009 326 0.299215	2009 326 0.305194	29	9438 326
2009 327 0.297194	2009 327 0.303091	29	2480 327
2009 328 0.294775	2009 328 0.301694	29	2141 328
2009 329 0.310510	2009 329 0.319468	29	1342 329
2009 330 0.313526	2009 330 0.324426	29	3128 330
2009 331 0.298588	2009 331 0.307476	29	5236 331
2009 332 0.300069	2009 332 0.301696	29	3927 332
2009 333 0.296802	2009 333 0.298082	29	6738 333
2009 334 0.306905	2009 334 0.317459	29	3615 334
2009 335 0.297262	2009 335 0.300050	29	6738 335
2009 336 0.285640	2009 336 0.286110	29	11810 336
2009 337 0.291166	2009 337 0.287679	29	15753 337
2009 338 0.293532	2009 338 0.292354	29	6751 338
2009 339 0.298094	2009 339 0.293116	29	6752 339
2009 340 0.303676	2009 340 0.294823	29	15740 340
2009 341 0.312418	2009 341 0.296620	29	9460 341
2009 342 0.312342	2009 342 0.295198	29	7883 342
2009 343 0.315101	2009 343 0.298781	29	11590 343
2009 344 0.311977	2009 344 0.297410	29	11826 344
2009 345 0.306355	2009 345 0.293550	29	23654 345
2009 346 0.304911	2009 346 0.292584	29	15758 346
2009 347 0.311775	2009 347 0.305680	29	5252 347
2009 348 0.308304	2009 348 0.298908	29	4728 348
2009 349 0.311315	2009 349 0.304523	29	5911 349
2009 350 0.322564	2009 350 0.321161	29	3635 350
2009 351 0.325431	2009 351 0.334145	29	1886 351
2009 352 0.321582	2009 352 0.322204	29	3375 352
2009 353 0.314571	2009 353 0.310068	28	3808 353
2009 354 0.313616	2009 354 0.321649	28	3513 354
2009 355 0.323091	2009 355 0.334466	28	2535 355
2009 356 0.326493	2009 356 0.337932	28	2532 356
2009 357 0.325459	2009 357 0.341377	29	2773 357
2009 358 0.333586	2009 358 0.323735	29	3374 358
2009 359 0.314801	2009 359 0.310210	29	1478 359
2009 360 0.304382	2009 360 0.309740	29	717 360
2009 361 0.313137	2009 361 0.302355	29	927 361
2009 362 0.307393	2009 362 0.313738	29	1433 362
2009 363 0.304198	2009 363 0.315549	29	815 363
2009 364 0.303899	2009 364 0.309582	29	5260 364
2009 365 0.305053	2009 365 0.298871	29	5259 365
