2011 001 0.326510	2011 001 0.293310	31	3938 001
2011 002 0.320008	2011 002 0.287853	31	2047 002
2011 003 0.319217	2011 003 0.298845	31	3198 003
2011 004 0.305469	2011 004 0.294273	31	2644 004
2011 005 0.304432	2011 005 0.279101	31	2319 005
2011 006 0.303386	2011 006 0.305145	31	2674 006
2011 007 0.304375	2011 007 0.306979	31	1812 007
2011 008 0.293461	2011 008 0.284376	31	4255 008
2011 009 0.292144	2011 009 0.267140	31	5120 009
2011 010 0.292688	2011 010 0.277169	31	2643 010
2011 011 0.292711	2011 011 0.273538	31	2389 011
2011 012 0.293234	2011 012 0.277894	31	3658 012
2011 013 0.294565	2011 013 0.275261	31	5099 013
2011 014 0.303560	2011 014 0.290881	31	2823 014
2011 015 0.305843	2011 015 0.307257	31	1491 015
2011 016 0.300406	2011 016 0.312697	31	2029 016
2011 017 0.319120	2011 017 0.329602	31	1634 017
2011 018 0.296334	2011 018 0.286541	31	2014 018
2011 019 0.289610	2011 019 0.270305	31	4590 019
2011 020 0.287730	2011 020 0.264415	31	6402 020
2011 021 0.293944	2011 021 0.280700	31	3189 021
2011 022 0.291651	2011 022 0.275118	31	5114 022
2011 023 0.294125	2011 023 0.285259	31	2554 023
2011 024 0.298478	2011 024 0.281391	31	2833 024
2011 025 0.291330	2011 025 0.276733	31	3928 025
2011 026 0.298886	2011 026 0.288224	31	1774 026
2011 027 0.311682	2011 027 0.313037	31	1635 027
2011 028 0.308426	2011 028 0.298889	31	2820 028
2011 029 0.303588	2011 029 0.300295	31	2311 029
2011 030 0.295618	2011 030 0.291633	31	4246 030
2011 031 0.290063	2011 031 0.263473	31	5664 031
2011 032 0.295823	2011 032 0.262904	31	10252 032
2011 033 0.290407	2011 033 0.275086	31	12805 033
2011 034 0.299375	2011 034 0.280695	31	3649 034
2011 035 0.306910	2011 035 0.300732	31	1881 035
2011 036 0.296641	2011 036 0.286760	31	2837 036
2011 037 0.287540	2011 037 0.264583	31	5689 037
2011 038 0.292239	2011 038 0.268458	31	4654 038
2011 039 0.298387	2011 039 0.272222	31	4659 039
2011 040 0.309004	2011 040 0.272943	31	4658 040
2011 041 0.295294	2011 041 0.272224	31	4656 041
2011 042 0.294975	2011 042 0.272719	31	5112 042
2011 043 0.287459	2011 043 0.268022	31	3408 043
2011 044 0.297218	2011 044 0.292608	31	2126 044
2011 045 0.294028	2011 045 0.281979	31	3932 045
2011 046 0.297514	2011 046 0.284430	31	2065 046
2011 047 0.288893	2011 047 0.271194	31	6397 047
2011 048 0.282212	2011 048 0.264463	31	6404 048
2011 049 0.289278	2011 049 0.264321	31	8546 049
2011 050 0.292468	2011 050 0.272129	31	3943 050
2011 051 0.298043	2011 051 0.273580	31	4269 051
2011 052 0.295465	2011 052 0.278283	31	3663 052
2011 053 0.289698	2011 053 0.266385	31	8554 053
2011 054 0.285497	2011 054 0.263411	31	6216 054
2011 055 0.277776	2011 055 0.256105	31	8557 055
2011 056 0.277703	2011 056 0.255659	31	10268 056
2011 057 0.287827	2011 057 0.258757	31	5706 057
2011 058 0.294112	2011 058 0.259802	31	3667 058
2011 059 0.289895	2011 059 0.257028	31	5135 059
2011 060 0.291245	2011 060 0.267755	31	7331 060
2011 061 0.287185	2011 061 0.264988	31	5699 061
2011 062 0.294712	2011 062 0.296095	31	4263 062
2011 063 0.285558	2011 063 0.271976	31	6402 063
2011 064 0.288815	2011 064 0.263126	31	6406 064
2011 065 0.284704	2011 065 0.268809	31	4658 065
2011 066 0.285334	2011 066 0.273743	31	2048 066
2011 067 0.277836	2011 067 0.262992	31	6414 067
2011 068 0.277255	2011 068 0.256867	31	6415 068
2011 069 0.290798	2011 069 0.271404	31	3941 069
2011 070 0.277956	2011 070 0.268300	31	5125 070
2011 071 0.275561	2011 071 0.257966	31	5697 071
2011 072 0.273346	2011 072 0.262448	31	8546 072
2011 073 0.291150	2011 073 0.268466	31	6400 073
2011 074 0.278955	2011 074 0.263030	31	5694 074
2011 075 0.287318	2011 075 0.278766	31	6325 075
2011 076 0.280608	2011 076 0.258250	31	8550 076
2011 077 0.273401	2011 077 0.252580	31	12830 077
2011 078 0.276954	2011 078 0.256175	31	4274 078
2011 079 0.261194	2011 079 0.246561	31	17110 079
2011 080 0.264009	2011 080 0.282499	31	1856 080
2011 081 0.260633	2011 081 0.289322	31	1589 081
2011 082 0.265248	2011 082 0.308343	31	1999 082
2011 083 0.262684	2011 083 0.298531	31	1934 083
2011 084 0.254131	2011 084 0.283547	31	2285 084
2011 085 0.258502	2011 085 0.302327	31	1739 085
2011 086 0.253643	2011 086 0.283193	31	3349 086
2011 087 0.253727	2011 087 0.288410	31	3601 087
2011 088 0.316418	2011 088 0.336567	31	2018 088
2011 089 0.300014	2011 089 0.330977	31	1620 089
2011 090 0.438991	2011 090 0.392392	31	1267 090
2011 091 0.470099	2011 091 0.422706	31	1332 091
2011 092 0.324232	2011 092 0.354418	31	2892 092
2011 093 0.388001	2011 093 0.385576	31	1222 093
2011 094 0.444639	2011 094 0.415055	31	1620 094
2011 095 0.473176	2011 095 0.436839	31	1139 095
2011 096 0.541915	2011 096 0.463176	31	868 096
2011 097 0.557857	2011 097 0.450310	31	1017 097
2011 098 0.545775	2011 098 0.449221	31	939 098
2011 099 0.521037	2011 099 0.478437	31	1148 099
2011 100 0.512837	2011 100 0.478241	31	1227 100
2011 101 0.512067	2011 101 0.489904	30	1275 101
2011 102 0.524554	2011 102 0.478647	31	1382 102
2011 103 0.502553	2011 103 0.464477	31	1358 103
2011 104 0.541441	2011 104 0.461519	31	1887 104
2011 105 0.548560	2011 105 0.451634	31	2040 105
2011 106 0.570733	2011 106 0.463258	31	1664 106
2011 107 0.437898	2011 107 0.461274	31	1927 107
2011 108 0.440983	2011 108 0.461853	31	1935 108
2011 109 0.431857	2011 109 0.443357	31	2999 109
2011 110 0.463326	2011 110 0.477684	31	2680 110
2011 111 0.483552	2011 111 0.498711	31	1229 111
2011 112 0.515426	2011 112 0.509495	31	1539 112
2011 113 0.542187	2011 113 0.501105	31	957 113
2011 114 0.531423	2011 114 0.504578	31	1299 114
2011 115 0.533928	2011 115 0.507753	31	1176 115
2011 116 0.499368	2011 116 0.490026	31	1376 116
2011 117 0.510792	2011 117 0.484653	31	3631 117
2011 118 0.490474	2011 118 0.476692	31	2409 118
2011 119 0.509246	2011 119 0.483729	31	2126 119
2011 120 0.543544	2011 120 0.480017	31	2035 120
2011 121 0.537245	2011 121 0.497659	31	2309 121
2011 122 0.543612	2011 122 0.490442	31	1805 122
2011 123 0.543529	2011 123 0.492534	31	1471 123
2011 124 0.567238	2011 124 0.512495	31	2104 124
2011 125 0.516116	2011 125 0.505338	31	1689 125
2011 126 0.463194	2011 126 0.501687	31	2049 126
2011 127 0.386470	2011 127 0.414345	31	3233 127
2011 128 0.339468	2011 128 0.380621	30	2843 128
2011 129 0.354281	2011 129 0.387780	30	2688 129
2011 130 0.359665	2011 130 0.401268	31	1158 130
2011 131 0.365987	2011 131 0.421432	31	2513 131
2011 132 0.328863	2011 132 0.363545	31	3324 132
2011 133 0.292342	2011 133 0.334965	31	1941 133
2011 134 0.257121	2011 134 0.297890	30	2052 134
2011 135 0.249893	2011 135 0.286631	30	1921 135
2011 136 0.252320	2011 136 0.275073	30	3790 136
2011 137 0.254794	2011 137 0.272289	30	3280 137
2011 138 0.262289	2011 138 0.267161	30	5468 138
2011 139 0.263764	2011 139 0.270646	30	4477 139
2011 140 0.263787	2011 140 0.269511	30	3779 140
2011 141 0.271430	2011 141 0.274787	30	3079 141
2011 142 0.290035	2011 142 0.282522	30	7051 142
2011 143 0.307573	2011 143 0.295690	30	3086 143
2011 144 0.302810	2011 144 0.297161	30	3078 144
2011 145 0.281928	2011 145 0.279252	30	3513 145
2011 146 0.299342	2011 146 0.278452	30	3085 146
2011 147 0.292264	2011 147 0.269440	30	4120 147
2011 148 0.299946	2011 148 0.279797	30	3804 148
2011 149 0.288192	2011 149 0.272141	30	6191 149
2011 150 0.292614	2011 150 0.278342	30	4502 150
2011 151 0.303623	2011 151 0.284333	30	2909 151
2011 152 0.318207	2011 152 0.296182	30	2740 152
2011 153 0.327847	2011 153 0.311114	30	2244 153
2011 154 0.315555	2011 154 0.306226	30	2747 154
2011 155 0.330499	2011 155 0.319875	30	2139 155
2011 156 0.337846	2011 156 0.333166	30	2044 156
2011 157 0.332076	2011 157 0.336089	30	1690 157
2011 158 0.326670	2011 158 0.332153	30	1398 158
2011 159 0.335225	2011 159 0.335538	30	1747 159
2011 160 0.327539	2011 160 0.338312	30	1531 160
2011 161 0.323931	2011 161 0.327331	30	1884 161
2011 162 0.332981	2011 162 0.323668	30	2334 162
2011 163 0.334754	2011 163 0.342480	30	1961 163
2011 164 0.332560	2011 164 0.336379	30	1963 164
2011 165 0.339716	2011 165 0.329246	30	1753 165
2011 166 0.353635	2011 166 0.340234	30	1584 166
2011 167 0.327629	2011 167 0.318613	30	1894 167
2011 168 0.332292	2011 168 0.320437	30	2461 168
2011 169 0.344933	2011 169 0.335244	30	2894 169
2011 170 0.335828	2011 170 0.337416	30	1639 170
2011 171 0.344497	2011 171 0.327342	30	2458 171
2011 172 0.361063	2011 172 0.342310	30	1080 172
2011 173 0.356966	2011 173 0.343920	30	1966 173
2011 174 0.352564	2011 174 0.331121	30	1143 174
2011 175 0.359406	2011 175 0.329113	30	2048 175
2011 176 0.354458	2011 176 0.341094	30	1891 176
2011 177 0.359281	2011 177 0.341414	30	2049 177
2011 178 0.358974	2011 178 0.336681	30	2340 178
2011 179 0.356872	2011 179 0.351123	30	1891 179
2011 180 0.346397	2011 180 0.353524	30	1536 180
2011 181 0.348619	2011 181 0.341407	30	1756 181
2011 182 0.346517	2011 182 0.341566	30	1891 182
2011 183 0.346943	2011 183 0.337582	30	1756 183
2011 184 0.355197	2011 184 0.359700	30	1966 184
2011 185 0.349308	2011 185 0.339401	30	1965 185
2011 186 0.353523	2011 186 0.337996	30	1585 186
2011 187 0.355085	2011 187 0.348883	30	1693 187
2011 188 0.353731	2011 188 0.340359	30	1694 188
2011 189 0.348153	2011 189 0.344983	30	1889 189
2011 190 0.350152	2011 190 0.337138	30	1819 190
2011 191 0.348747	2011 191 0.348372	30	2047 191
2011 192 0.344653	2011 192 0.359601	30	1754 192
2011 193 0.343220	2011 193 0.345215	30	1889 193
2011 194 0.335597	2011 194 0.332561	30	1692 194
2011 195 0.348454	2011 195 0.338269	30	1962 195
2011 196 0.350693	2011 196 0.332801	30	2230 196
2011 197 0.347401	2011 197 0.353859	30	1636 197
2011 198 0.339740	2011 198 0.337033	30	2582 198
2011 199 0.346646	2011 199 0.338928	30	1815 199
2011 200 0.341243	2011 200 0.342492	30	1751 200
2011 201 0.340134	2011 201 0.340289	30	1486 201
2011 202 0.351578	2011 202 0.344864	30	1532 202
2011 203 0.351703	2011 203 0.333364	30	1962 203
2011 204 0.337200	2011 204 0.336252	30	1751 204
2011 205 0.346755	2011 205 0.346526	30	1581 205
2011 206 0.344321	2011 206 0.340213	30	1817 206
2011 207 0.347234	2011 207 0.321443	30	1324 207
2011 208 0.344501	2011 208 0.330394	30	1960 208
2011 209 0.344859	2011 209 0.332420	30	1255 209
2011 210 0.348716	2011 210 0.362689	30	1400 210
2011 211 0.343437	2011 211 0.338638	30	1530 211
2011 212 0.339421	2011 212 0.333332	30	1484 212
2011 213 0.341415	2011 213 0.339081	30	1580 213
2011 214 0.343006	2011 214 0.348079	30	1531 214
2011 215 0.351433	2011 215 0.334724	30	1375 215
2011 216 0.346127	2011 216 0.348578	30	1750 216
2011 217 0.343447	2011 217 0.328818	30	924 217
2011 218 0.344215	2011 218 0.329888	30	1167 218
2011 219 0.345483	2011 219 0.342885	30	1323 219
2011 220 0.342653	2011 220 0.357222	30	1399 220
2011 221 0.344145	2011 221 0.335288	30	1361 221
2011 222 0.347239	2011 222 0.343759	30	1374 222
2011 223 0.346728	2011 223 0.339271	29	1392 223
2011 224 0.340758	2011 224 0.328786	29	1954 224
2011 225 0.345063	2011 225 0.341803	29	1685 225
2011 226 0.343275	2011 226 0.333174	29	1571 226
2011 227 0.341285	2011 227 0.339038	29	1573 227
2011 228 0.341758	2011 228 0.344831	29	1686 228
2011 229 0.344895	2011 229 0.337602	30	1562 229
2011 230 0.345413	2011 230 0.336502	30	1577 230
2011 231 0.350374	2011 231 0.328868	30	1437 231
2011 232 0.347427	2011 232 0.332716	30	1576 232
2011 233 0.347645	2011 233 0.354713	30	1954 233
2011 234 0.352791	2011 234 0.346060	30	1687 234
2011 235 0.350664	2011 235 0.346960	30	1330 235
2011 236 0.353719	2011 236 0.344094	30	1529 236
2011 237 0.349978	2011 237 0.339951	30	1398 237
2011 238 0.350578	2011 238 0.347772	30	1571 238
2011 239 0.351389	2011 239 0.338120	29	1746 239
2011 240 0.352778	2011 240 0.343515	29	962 240
2011 241 0.349524	2011 241 0.342639	29	1429 241
2011 242 0.351712	2011 242 0.351248	29	1464 242
2011 243 0.348558	2011 243 0.336373	30	1448 243
2011 244 0.338214	2011 244 0.349042	30	1270 244
2011 245 0.338055	2011 245 0.334327	30	1530 245
2011 246 0.337301	2011 246 0.341073	30	671 246
2011 247 0.341871	2011 247 0.351388	30	1324 247
2011 248 0.352531	2011 248 0.339521	30	1688 248
2011 249 0.339701	2011 249 0.334800	30	1881 249
2011 250 0.344301	2011 250 0.332668	30	1678 250
2011 251 0.342854	2011 251 0.334494	29	1474 251
2011 252 0.341278	2011 252 0.352800	29	1521 252
2011 253 0.345646	2011 253 0.337871	29	1522 253
2011 254 0.353928	2011 254 0.332419	29	1209 254
2011 255 0.345881	2011 255 0.332658	29	1387 255
2011 256 0.339845	2011 256 0.324739	29	1685 256
2011 257 0.339525	2011 257 0.328905	30	1672 257
2011 258 0.346103	2011 258 0.332912	30	1689 258
2011 259 0.343501	2011 259 0.348287	30	1399 259
2011 260 0.338002	2011 260 0.346500	30	1288 260
2011 261 0.338446	2011 261 0.337515	30	1440 261
2011 262 0.345121	2011 262 0.337550	30	1325 262
2011 263 0.340202	2011 263 0.334369	30	1112 263
2011 264 0.346646	2011 264 0.340836	30	1885 264
2011 265 0.353666	2011 265 0.344244	30	1530 265
2011 266 0.352495	2011 266 0.341837	30	1749 266
2011 267 0.354678	2011 267 0.339196	30	1484 267
2011 268 0.352126	2011 268 0.358983	30	925 268
2011 269 0.344401	2011 269 0.342064	30	1579 269
2011 270 0.349019	2011 270 0.347947	30	1326 270
2011 271 0.351303	2011 271 0.336091	30	1691 271
2011 272 0.344936	2011 272 0.330448	30	1635 272
2011 273 0.357436	2011 273 0.341678	29	1671 273
2011 274 0.353669	2011 274 0.346930	28	1760 274
2011 275 0.344900	2011 275 0.347491	28	1524 275
2011 276 0.343791	2011 276 0.343421	28	1429 276
2011 277 0.332412	2011 277 0.332672	29	1748 277
2011 278 0.333813	2011 278 0.342502	29	889 278
2011 279 0.346534	2011 279 0.336077	29	665 279
2011 280 0.344832	2011 280 0.339226	29	984 280
2011 281 0.336494	2011 281 0.337565	29	1245 281
2011 282 0.328179	2011 282 0.317028	29	1632 282
2011 283 0.332319	2011 283 0.317960	29	298 283
2011 284 0.332828	2011 284 0.321527	29	1574 284
2011 285 0.327327	2011 285 0.312800	29	1755 285
2011 286 0.339892	2011 286 0.328974	29	1684 286
2011 287 0.343557	2011 287 0.339749	29	1748 287
2011 288 0.346910	2011 288 0.344024	30	1325 288
2011 289 0.344372	2011 289 0.342310	30	1257 289
2011 290 0.324194	2011 290 0.327073	30	1408 290
2011 291 0.338444	2011 291 0.333910	30	1695 291
2011 292 0.345644	2011 292 0.341162	30	1291 292
2011 293 0.348668	2011 293 0.336963	30	1486 293
2011 294 0.343474	2011 294 0.328543	30	1325 294
2011 295 0.348289	2011 295 0.342215	30	1289 295
2011 296 0.341504	2011 296 0.338306	30	1195 296
2011 297 0.345033	2011 297 0.337519	30	1532 297
2011 298 0.326387	2011 298 0.304726	30	2148 298
2011 299 0.323204	2011 299 0.295936	30	2471 299
2011 300 0.329540	2011 300 0.335340	30	1971 300
2011 301 0.335458	2011 301 0.307859	30	1494 301
2011 302 0.336764	2011 302 0.314600	30	1540 302
2011 303 0.338458	2011 303 0.335283	30	1257 303
2011 304 0.343989	2011 304 0.351710	30	1290 304
2011 305 0.323380	2011 305 0.289936	30	7062 305
2011 306 0.321658	2011 306 0.285827	30	2910 306
2011 307 0.319655	2011 307 0.305654	30	3087 307
2011 308 0.333330	2011 308 0.304387	30	1972 308
2011 309 0.320011	2011 309 0.285705	30	3530 309
2011 310 0.317763	2011 310 0.298746	30	4945 310
2011 311 0.325284	2011 311 0.291896	30	4492 311
2011 312 0.317364	2011 312 0.290892	30	3787 312
2011 313 0.313696	2011 313 0.281083	30	4941 313
2011 314 0.320231	2011 314 0.287215	30	3032 314
2011 315 0.320244	2011 315 0.302474	30	4114 315
2011 316 0.305869	2011 316 0.278063	30	4940 316
2011 317 0.310420	2011 317 0.291216	30	4489 317
2011 318 0.310506	2011 318 0.278788	30	4115 318
2011 319 0.308092	2011 319 0.278707	30	5488 319
2011 320 0.308683	2011 320 0.278705	30	5493 320
2011 321 0.311377	2011 321 0.276095	30	9883 321
2011 322 0.294509	2011 322 0.279060	30	3996 322
2011 323 0.290925	2011 323 0.271180	30	8240 323
2011 324 0.292240	2011 324 0.275920	30	6175 324
2011 325 0.293335	2011 325 0.284970	30	3292 325
2011 326 0.299584	2011 326 0.279598	30	7056 326
2011 327 0.318478	2011 327 0.303551	30	2188 327
2011 328 0.299639	2011 328 0.296789	30	3078 328
2011 329 0.296546	2011 329 0.273871	30	3796 329
2011 330 0.302802	2011 330 0.281250	30	4937 330
2011 331 0.303339	2011 331 0.279235	30	3796 331
2011 332 0.315524	2011 332 0.302557	30	1966 332
2011 333 0.307628	2011 333 0.293113	30	4929 333
2011 334 0.305022	2011 334 0.284615	30	4381 334
2011 335 0.298327	2011 335 0.279192	30	7051 335
2011 336 0.297670	2011 336 0.276691	30	4892 336
2011 337 0.300488	2011 337 0.275661	30	2244 337
2011 338 0.291622	2011 338 0.266529	30	7043 338
2011 339 0.298117	2011 339 0.280543	29	5286 339
2011 340 0.301982	2011 340 0.285292	29	4754 340
2011 341 0.305624	2011 341 0.275818	29	6790 341
2011 342 0.301782	2011 342 0.281710	29	11885 342
2011 343 0.307660	2011 343 0.287627	29	4752 343
2011 344 0.321239	2011 344 0.297574	29	2967 344
2011 345 0.299634	2011 345 0.273356	29	7923 345
2011 346 0.308511	2011 346 0.283760	29	4751 346
2011 347 0.315804	2011 347 0.288222	29	2968 347
2011 348 0.304101	2011 348 0.276470	30	8220 348
2011 349 0.301696	2011 349 0.276635	30	5374 349
2011 350 0.314852	2011 350 0.280918	30	7047 350
2011 351 0.317485	2011 351 0.308074	31	2682 351
2011 352 0.326451	2011 352 0.305461	31	2833 352
2011 353 0.317375	2011 353 0.297308	31	5011 353
2011 354 0.312513	2011 354 0.300534	31	3891 354
2011 355 0.302482	2011 355 0.280109	31	4264 355
2011 356 0.301462	2011 356 0.273573	31	5124 356
2011 357 0.312878	2011 357 0.293052	31	3936 357
2011 358 0.310940	2011 358 0.285203	31	3651 358
2011 359 0.308663	2011 359 0.284519	31	5679 359
2011 360 0.310230	2011 360 0.280023	31	3412 360
2011 361 0.306983	2011 361 0.279833	31	4656 361
2011 362 0.312629	2011 362 0.279145	31	3938 362
2011 363 0.311826	2011 363 0.294286	31	3931 363
2011 364 0.315725	2011 364 0.287301	31	2436 364
2011 365 0.306199	2011 365 0.280985	31	6397 365
